1.00000000e+00 0.00000000e+00 0.00000000e+00 0.00000000e+00 0.00000000e+00 1.00000000e+00 0.00000000e+00 0.00000000e+00 0.00000000e+00 0.00000000e+00 1.00000000e+00 0.00000000e+00
9.99061462e-01 1.30470833e-03 -4.32954072e-02 1.03080791e-02 -1.21277465e-03 9.99996954e-01 2.14960303e-03 5.98496795e-02 4.32980800e-02 -2.09507797e-03 9.99060002e-01 -1.82385539e+00
9.96404417e-01 7.01748462e-03 -8.44333673e-02 -8.50580038e-03 -6.53029948e-03 9.99960407e-01 6.04485581e-03 9.27661323e-02 8.44724440e-02 -5.47174585e-03 9.96410792e-01 -3.64441661e+00
9.92338472e-01 7.80211515e-03 -1.23302405e-01 3.93751618e-01 -6.99444616e-03 9.99951165e-01 6.98182749e-03 8.91094432e-02 1.23350856e-01 -6.06590399e-03 9.92344583e-01 -6.88733238e+00
9.87664339e-01 6.21521010e-03 -1.56462535e-01 1.04282662e+00 -5.84133880e-03 9.99978880e-01 2.84922398e-03 2.04433054e-01 1.56476939e-01 -1.90012624e-03 9.87679785e-01 -1.00971838e+01
9.82821581e-01 6.88899219e-03 -1.84429610e-01 1.36625333e+00 -8.06476192e-03 9.99951654e-01 -5.62579366e-03 3.36345657e-01 1.84381938e-01 7.01653232e-03 9.82829624e-01 -1.29495930e+01
9.77794438e-01 5.25827733e-03 -2.09500327e-01 1.82172013e+00 -8.56927822e-03 9.99852272e-01 -1.48997001e-02 4.45488067e-01 2.09391031e-01 1.63641105e-02 9.77695051e-01 -1.52378577e+01
9.48068094e-01 1.63478108e-02 -3.17647035e-01 3.09937844e+00 -9.88585103e-03 9.99710312e-01 2.19445305e-02 3.26571212e-02 3.17913761e-01 -1.76646979e-02 9.47955062e-01 -1.68347417e+01
9.32775547e-01 1.99426810e-02 -3.59905639e-01 3.58446235e+00 -1.16297117e-02 9.99613558e-01 2.52484612e-02 1.13178487e-02 3.60270078e-01 -1.93655483e-02 9.32647010e-01 -1.82887136e+01
9.15016473e-01 2.06644171e-02 -4.02886878e-01 4.93152365e+00 -1.08503584e-02 9.99586554e-01 2.66268707e-02 -3.08456057e-02 4.03270535e-01 -1.99925583e-02 9.14862379e-01 -2.13467575e+01
8.95132093e-01 2.14388202e-02 -4.45285204e-01 6.00922870e+00 -1.09151361e-02 9.99597527e-01 2.61847977e-02 -8.55175703e-02 4.45667360e-01 -1.85785042e-02 8.95005834e-01 -2.36370719e+01
8.72967417e-01 2.12828990e-02 -4.87313991e-01 7.31492732e+00 -9.86967361e-03 9.99613827e-01 2.59766328e-02 -1.29492276e-01 4.87678662e-01 -1.78671240e-02 8.72840357e-01 -2.62106523e+01
8.48807489e-01 2.23512159e-02 -5.28229373e-01 8.40623554e+00 -1.01179505e-02 9.99609736e-01 2.60385006e-02 -1.74286617e-01 5.28605216e-01 -1.67570756e-02 8.48702378e-01 -2.80890264e+01
8.22650688e-01 2.29940040e-02 -5.68081967e-01 9.37582696e+00 -9.18608286e-03 9.99588962e-01 2.71573753e-02 -2.08802497e-01 5.68472920e-01 -1.71225855e-02 8.22523772e-01 -2.94988319e+01
7.95182061e-01 2.65660540e-02 -6.05788522e-01 1.11225208e+01 -1.08282296e-02 9.99502629e-01 2.96183012e-02 -2.58613685e-01 6.06274062e-01 -1.69923246e-02 7.95074224e-01 -3.19968821e+01
7.66273327e-01 2.83081973e-02 -6.41890828e-01 1.26523261e+01 -1.04116546e-02 9.99444859e-01 3.16476076e-02 -3.28477204e-01 6.42430375e-01 -1.75675720e-02 7.66142672e-01 -3.39158642e+01
7.30856263e-01 3.46035372e-02 -6.81653664e-01 1.02994461e+01 -1.43035057e-02 9.99271172e-01 3.53911550e-02 -9.60804635e-02 6.82381516e-01 -1.61158102e-02 7.30818546e-01 -3.32543319e+01
9.74587644e-01 2.83605162e-03 -2.23988572e-01 2.05437778e+00 -9.62423592e-03 9.99526670e-01 -2.92200273e-02 7.25379630e-01 2.23799682e-01 3.06331964e-02 9.74153638e-01 -1.87700059e+01
9.65560356e-01 3.21380068e-03 -2.60159318e-01 5.11211011e+00 -1.46578148e-02 9.99007545e-01 -4.20603569e-02 8.14270434e-01 2.59765948e-01 4.44251803e-02 9.64649188e-01 -1.99550209e+01
9.56357169e-01 9.82002220e-04 -2.92198564e-01 7.71359759e+00 -1.85753044e-02 9.98176035e-01 -5.74418100e-02 9.63833401e-01 2.91609196e-01 6.03625641e-02 9.54631048e-01 -2.04428814e+01
9.59758270e-01 -8.97189677e-03 -2.80684108e-01 7.19009042e+00 -1.44015876e-02 9.96601927e-01 -8.10998977e-02 1.45963089e+00 2.80457943e-01 8.18785942e-02 9.56367732e-01 -2.20357780e+01
9.57120339e-01 -1.75517186e-02 -2.89158423e-01 8.58948500e+00 -1.25589020e-02 9.94710402e-01 -1.01948466e-01 1.85063661e+00 2.89418262e-01 1.01208463e-01 9.51837127e-01 -2.24212070e+01
9.45024352e-01 -2.69565619e-02 -3.25886970e-01 1.04557668e+01 -1.43462350e-02 9.92218961e-01 -1.23675866e-01 2.38363080e+00 3.26685107e-01 1.21551956e-01 9.37284355e-01 -2.19814260e+01
9.46688516e-01 -3.88022562e-02 -3.19805001e-01 1.09923885e+01 -1.11532507e-02 9.88176810e-01 -1.52912381e-01 3.18559041e+00 3.21957231e-01 1.48327260e-01 9.35062867e-01 -2.14883617e+01
9.51779129e-01 -5.12161288e-02 -3.02478757e-01 1.13175770e+01 -3.81810206e-03 9.83912279e-01 -1.78611445e-01 3.89402062e+00 3.06760350e-01 1.71153541e-01 9.36271624e-01 -2.10017074e+01
9.49014715e-01 -7.39792894e-02 -3.06428027e-01 1.21328950e+01 9.49533233e-03 9.78339679e-01 -2.06788082e-01 4.58610362e+00 3.15088733e-01 1.93335297e-01 9.29161209e-01 -2.08541094e+01
2.04896599e-01 8.49305794e-02 -9.75091883e-01 2.01029866e+01 -1.51857282e-02 9.96384168e-01 8.35941536e-02 -8.00972298e-01 9.78665815e-01 -2.32067746e-03 2.05445460e-01 -3.13487103e+01
1.70137566e-01 8.44955589e-02 -9.81791072e-01 2.06675348e+01 -1.61268902e-02 9.96422374e-01 8.29600899e-02 -8.32742205e-01 9.85288350e-01 1.71860899e-03 1.70891528e-01 -3.14930981e+01
1.36788287e-01 8.75001130e-02 -9.86728278e-01 2.12532482e+01 -1.70366115e-02 9.96151708e-01 8.59740011e-02 -8.79091542e-01 9.90453794e-01 5.05026996e-03 1.37752592e-01 -3.16840324e+01
9.53968565e-01 -9.05993373e-02 -2.85894625e-01 1.16785293e+01 2.37149739e-02 9.73082015e-01 -2.29235670e-01 5.20769916e+00 2.98967518e-01 2.11903640e-01 9.30438214e-01 -2.15911068e+01
9.58682593e-01 -1.08672513e-01 -2.62902970e-01 1.11482768e+01 4.11152906e-02 9.67386215e-01 -2.49946882e-01 5.80764390e+00 2.81491065e-01 2.28810393e-01 9.31884426e-01 -2.23691699e+01
3.78571554e-02 8.50778848e-02 -9.95654855e-01 2.31056768e+01 -1.26943424e-02 9.96329636e-01 8.46528754e-02 -1.02721791e+00 9.99202527e-01 9.43446654e-03 3.87982137e-02 -3.18565053e+01
6.72991797e-03 8.63301369e-02 -9.96243854e-01 2.37160761e+01 -1.21941654e-02 9.96199423e-01 8.62439116e-02 -1.06643937e+00 9.99903001e-01 1.15679479e-02 7.75706437e-03 -3.18753616e+01
-2.44528328e-02 8.66590367e-02 -9.95937885e-01 2.44182910e+01 -1.16993331e-02 9.96142745e-01 8.69641108e-02 -1.13327659e+00 9.99632525e-01 1.37783279e-02 -2.33446590e-02 -3.18817383e+01
-5.36583878e-02 8.50823699e-02 -9.94928021e-01 2.92186369e+01 -1.19395730e-02 9.96237540e-01 8.58382791e-02 -1.57198685e+00 9.98487969e-01 1.64849594e-02 -5.24406531e-02 -3.20608635e+01
-8.29002862e-02 8.50961937e-02 -9.92918013e-01 3.27272666e+01 -1.23245116e-02 9.96183853e-01 8.64050793e-02 -1.82088353e+00 9.96481635e-01 1.94002353e-02 -8.15351575e-02 -3.19204283e+01
-1.09846344e-01 8.71600819e-02 -9.90119640e-01 3.52079646e+01 -1.11396513e-02 9.95977228e-01 8.89115852e-02 -2.07331590e+00 9.93886155e-01 2.07962001e-02 -1.08433524e-01 -3.18128232e+01
-1.35478436e-01 9.13071538e-02 -9.86564036e-01 3.69556289e+01 -9.47987928e-03 9.95579466e-01 9.34433481e-02 -2.21510288e+00 9.90734942e-01 2.20120667e-02 -1.34013968e-01 -3.15464927e+01
-1.57957014e-01 9.41534927e-02 -9.82946947e-01 3.83752139e+01 -8.72039595e-03 9.95271930e-01 9.67354102e-02 -2.34753473e+00 9.87407482e-01 2.38517231e-02 -1.56389127e-01 -3.13917336e+01
-1.78061282e-01 9.92578545e-02 -9.79000540e-01 3.93872620e+01 -7.68879661e-03 9.94728921e-01 1.02250950e-01 -2.44653452e+00 9.83989361e-01 2.57342713e-02 -1.76359533e-01 -3.12169240e+01
-1.95294317e-01 1.03771946e-01 -9.75239208e-01 4.01276988e+01 -7.33802960e-03 9.94203992e-01 1.07259386e-01 -2.51163173e+00 9.80717229e-01 2.81034826e-02 -1.93400908e-01 -3.10940105e+01
9.66363325e-01 -1.17923591e-01 -2.28551855e-01 1.03326987e+01 5.35028416e-02 9.61419540e-01 -2.69833124e-01 6.36960701e+00 2.51553910e-01 2.48528661e-01 9.35389830e-01 -2.31693571e+01
-2.24909350e-01 1.07259596e-01 -9.68458137e-01 4.10785398e+01 -6.62409510e-03 9.93731464e-01 1.11597034e-01 -2.62249895e+00 9.74357176e-01 3.15143752e-02 -2.22789000e-01 -3.08997903e+01
-2.37717351e-01 1.07302707e-01 -9.65389346e-01 4.13962814e+01 -7.50619501e-03 9.93646918e-01 1.12291851e-01 -2.65598704e+00 9.71305368e-01 3.39401221e-02 -2.35401679e-01 -3.08273592e+01
-2.49926046e-01 1.06800723e-01 -9.62356783e-01 4.18355431e+01 -7.80245320e-03 9.93643803e-01 1.12299216e-01 -2.69712172e+00 9.68233491e-01 3.55752428e-02 -2.47504159e-01 -3.07181727e+01
-2.60899564e-01 1.05630640e-01 -9.59569479e-01 4.21739736e+01 -5.22650589e-03 9.93826446e-01 1.10822737e-01 -2.73862696e+00 9.65351802e-01 3.39287994e-02 -2.58736807e-01 -3.06356855e+01
-2.70992158e-01 1.04831018e-01 -9.56856158e-01 4.24400878e+01 -2.02974844e-03 9.93987598e-01 1.09473903e-01 -2.77184366e+00 9.62579415e-01 3.16087465e-02 -2.69150064e-01 -3.05625262e+01
-2.80176717e-01 1.05571366e-01 -9.54125617e-01 4.28320909e+01 6.01818264e-04 9.93953356e-01 1.09801473e-01 -2.81514342e+00 9.59948251e-01 3.01896060e-02 -2.78546123e-01 -3.04486812e+01
-2.87066315e-01 1.05228160e-01 -9.52113420e-01 4.33072535e+01 2.05304860e-03 9.94013288e-01 1.09239956e-01 -2.87140940e+00 9.57908511e-01 2.94043766e-02 -2.85563771e-01 -3.03203850e+01
-2.92594302e-01 1.05155276e-01 -9.50437238e-01 4.36962287e+01 2.69871628e-03 9.94021996e-01 1.09146637e-01 -2.91369756e+00 9.56232865e-01 2.93707237e-02 -2.91128956e-01 -3.01932399e+01
-2.97633978e-01 1.06741325e-01 -9.48693999e-01 4.40013257e+01 4.79532327e-03 9.93884392e-01 1.10321437e-01 -2.94838572e+00 9.54668015e-01 2.82861138e-02 -2.96325625e-01 -3.00931080e+01
-3.01749718e-01 1.05226855e-01 -9.47562355e-01 4.42899305e+01 5.78784182e-03 9.94074264e-01 1.08548877e-01 -2.98104773e+00 9.53369608e-01 2.72702518e-02 -3.00570665e-01 -3.00014082e+01
9.60497060e-01 -1.26310733e-01 -2.47973781e-01 1.09840258e+01 5.92092343e-02 9.63414054e-01 -2.61395539e-01 6.12941967e+00 2.71918488e-01 2.36387309e-01 9.32835128e-01 -2.31786775e+01
-2.69696423e-01 1.01422540e-01 -9.57589321e-01 4.30870525e+01 -7.04407837e-03 9.94203419e-01 1.07284403e-01 -2.35449268e+00 9.62919633e-01 3.56795540e-02 -2.67418678e-01 -3.04779157e+01
-2.68504890e-01 8.89710851e-02 -9.59160711e-01 4.30345075e+01 -2.09095304e-02 9.94952489e-01 9.81444638e-02 -1.40201512e+00 9.63051357e-01 4.64078685e-02 -2.65289265e-01 -3.05816529e+01
-2.42474722e-01 1.28807109e-01 -9.61568894e-01 4.18361305e+01 3.50594888e-03 9.91256843e-01 1.31899883e-01 -3.71988595e+00 9.70151389e-01 2.86111760e-02 -2.40806319e-01 -3.13172715e+01
-2.80950456e-01 5.27862770e-02 -9.58269508e-01 4.35388770e+01 -5.48716192e-02 9.95969441e-01 7.09505256e-02 1.15413463e+00 9.58152361e-01 7.25153821e-02 -2.76921600e-01 -3.04382196e+01
-2.56605684e-01 9.12168777e-02 -9.62202164e-01 4.24834066e+01 -3.12378844e-02 9.94233716e-01 1.02584174e-01 -1.03643849e+00 9.66011241e-01 5.63808420e-02 -2.52276600e-01 -3.12767327e+01
-2.77789685e-01 8.71943258e-02 -9.56676560e-01 4.33658574e+01 -3.47941731e-02 9.94305494e-01 1.00727104e-01 -7.25727659e-01 9.60011592e-01 6.12677204e-02 -2.73173956e-01 -3.11028173e+01
-2.68571857e-01 9.42086545e-02 -9.58641688e-01 4.29748621e+01 -3.13351568e-02 9.93824716e-01 1.06445017e-01 -1.08610389e+00 9.62749846e-01 5.86273235e-02 -2.63961307e-01 -3.15242173e+01
-2.53019930e-01 9.09193751e-02 -9.63179413e-01 4.23372650e+01 -3.90809316e-02 9.93801202e-01 1.04076185e-01 -6.44191497e-01 9.66671400e-01 6.39752978e-02 -2.47898297e-01 -3.19929693e+01
-2.87551395e-01 8.13232163e-02 -9.54306413e-01 4.37959215e+01 -4.41932885e-02 9.94200818e-01 9.80392132e-02 -9.56392873e-02 9.56745080e-01 7.03652512e-02 -2.82289892e-01 -3.16364066e+01
8.79680555e-01 3.81448619e-01 2.84005410e-01 -5.23038111e+01 -2.56179346e-01 8.83231032e-01 -3.92778673e-01 2.45527718e+01 -4.00667274e-01 2.72763441e-01 8.74680422e-01 9.64043873e+00
9.71689987e-01 -9.73294253e-02 -2.15280172e-01 9.62259432e+00 3.50218066e-02 9.60473137e-01 -2.76160871e-01 6.55804922e+00 2.33649401e-01 2.60803252e-01 9.36690782e-01 -2.33353194e+01
-2.19628734e-01 1.45174329e-01 -9.64721531e-01 4.09634426e+01 5.66003361e-02 9.89096644e-01 1.35956727e-01 -6.36714931e+00 9.73940255e-01 -2.47435591e-02 -2.25450960e-01 -3.42194740e+01
-2.71663127e-01 1.43426006e-01 -9.51644958e-01 4.32080382e+01 -1.84682420e-02 9.87873557e-01 1.54158226e-01 -3.14070632e+00 9.62215189e-01 5.94543151e-02 -2.65719993e-01 -3.24441729e+01
-2.14812679e-01 1.09468497e-01 -9.70500985e-01 4.07133991e+01 -5.84813480e-02 9.90473820e-01 1.24665732e-01 -2.57944687e-01 9.74902787e-01 8.35359856e-02 -2.06364469e-01 -3.45703915e+01
-2.14407999e-01 1.05762903e-01 -9.71001245e-01 4.07112690e+01 -6.93860481e-02 9.89959534e-01 1.23149089e-01 3.40008255e-01 9.74276545e-01 9.37780887e-02 -2.04916773e-01 -3.48125795e+01
-2.11197157e-01 1.20248849e-01 -9.70018544e-01 4.05678129e+01 -5.82194009e-02 9.89094174e-01 1.35289381e-01 -6.29658024e-01 9.75708082e-01 8.50466311e-02 -2.01893062e-01 -3.52418490e+01
-2.16434523e-01 1.12504969e-01 -9.69793137e-01 4.08288102e+01 -7.17519302e-02 9.88818752e-01 1.30725423e-01 2.28224709e-01 9.73656899e-01 9.78780240e-02 -2.05942066e-01 -3.52923111e+01
-2.15244701e-01 1.40085835e-01 -9.66460386e-01 4.07435318e+01 -4.08825530e-02 9.87497605e-01 1.52240259e-01 -2.00842492e+00 9.75704021e-01 7.22802769e-02 -2.06826560e-01 -3.56675637e+01
9.71201909e-01 -1.03607914e-01 -2.14551282e-01 9.77940864e+00 4.21228859e-02 9.60981475e-01 -2.73386661e-01 6.46188479e+00 2.34504829e-01 2.56476128e-01 9.37671307e-01 -2.34879465e+01
9.72847805e-01 -1.10873141e-01 -2.03160761e-01 9.57680108e+00 5.35276551e-02 9.61774744e-01 -2.68559364e-01 6.35696607e+00 2.25170909e-01 2.50392669e-01 9.41595228e-01 -2.37050609e+01
9.80785448e-01 -1.15534913e-01 -1.57199202e-01 8.43935543e+00 7.25340114e-02 9.63970361e-01 -2.55929599e-01 6.08563442e+00 1.81104175e-01 2.39609737e-01 9.53828313e-01 -2.43056821e+01
5.87715119e-01 8.04746928e-02 -8.05055751e-01 2.26789245e+01 -1.42413122e-03 9.95142325e-01 9.84363994e-02 -2.10328300e+00 8.09066691e-01 -5.67060552e-02 5.84974797e-01 -1.50566845e+01
5.87720329e-01 7.79870347e-02 -8.05296739e-01 2.28232188e+01 1.21214991e-03 9.95257490e-01 9.72679781e-02 -2.13031721e+00 8.09063252e-01 -5.81425085e-02 5.84838527e-01 -1.51684952e+01
5.86672004e-01 7.89348729e-02 -8.05968514e-01 2.29717049e+01 2.21893805e-03 9.95077889e-01 9.90710358e-02 -2.14840367e+00 8.09821608e-01 -5.99105973e-02 5.83609188e-01 -1.52593368e+01
5.86222019e-01 7.88504330e-02 -8.06304132e-01 2.31116191e+01 2.95473884e-03 9.95037636e-01 9.94553770e-02 -2.16421922e+00 8.10145057e-01 -6.06853501e-02 5.83079990e-01 -1.53605543e+01
5.85214122e-01 7.92586372e-02 -8.06995973e-01 2.32521228e+01 3.17696972e-03 9.94979830e-01 1.00025224e-01 -2.17856446e+00 8.10872579e-01 -6.10999754e-02 5.82024445e-01 -1.54563994e+01
5.82912373e-01 8.02556699e-02 -8.08561805e-01 2.34016222e+01 2.52229895e-03 9.94926573e-01 1.00572124e-01 -2.19165616e+00 8.12531109e-01 -6.06641698e-02 5.79752581e-01 -1.55425002e+01
9.86947734e-01 -1.21710687e-01 -1.05454633e-01 7.12647119e+00 8.81813212e-02 9.56375107e-01 -2.78515186e-01 6.75356764e+00 1.34752460e-01 2.65580803e-01 9.54624854e-01 -2.47388053e+01
5.78833481e-01 8.13239529e-02 -8.11380438e-01 2.44556697e+01 6.72410171e-04 9.94966653e-01 1.00204332e-01 -2.29787238e+00 8.15445491e-01 -5.85472027e-02 5.75865328e-01 -1.61570404e+01
5.78838097e-01 7.90505549e-02 -8.11601791e-01 2.52074182e+01 1.53845370e-03 9.95182403e-01 9.80286609e-02 -2.38295934e+00 8.15441040e-01 -5.79913353e-02 5.75927873e-01 -1.67027504e+01
5.77473907e-01 7.94253878e-02 -8.12536457e-01 2.58217254e+01 1.82780285e-03 9.95128169e-01 9.85727452e-02 -2.44815312e+00 8.16407096e-01 -5.84083448e-02 5.74515378e-01 -1.71463183e+01
5.75300561e-01 7.76445913e-02 -8.14248477e-01 2.63097891e+01 3.81865081e-03 9.95218451e-01 9.75994480e-02 -2.50751095e+00 8.17933177e-01 -5.92583478e-02 5.72253235e-01 -1.74961303e+01
5.74204323e-01 8.01456662e-02 -8.14779767e-01 2.67056490e+01 3.13047808e-03 9.94974803e-01 1.00076678e-01 -2.54708451e+00 8.18706050e-01 -6.00151114e-02 5.71067938e-01 -1.77924170e+01
5.69340471e-01 7.94693973e-02 -8.18251821e-01 2.70414520e+01 2.14781380e-03 9.95169681e-01 9.81462796e-02 -2.57486242e+00 8.22099030e-01 -5.76361016e-02 5.66419689e-01 -1.80142720e+01
5.64733092e-01 7.80402134e-02 -8.21575474e-01 2.73237705e+01 1.77220973e-03 9.95401921e-01 9.57699034e-02 -2.60054065e+00 8.25271709e-01 -5.55404377e-02 5.61998101e-01 -1.82097513e+01
5.62528360e-01 7.56690050e-02 -8.23307990e-01 2.75653502e+01 3.86823506e-03 9.95551207e-01 9.41426078e-02 -2.62917369e+00 8.26768941e-01 -5.61426356e-02 5.59733082e-01 -1.83827058e+01
5.57705982e-01 7.65867942e-02 -8.26497732e-01 2.78064136e+01 5.10651203e-03 9.95398694e-01 9.56836591e-02 -2.65476890e+00 8.30022868e-01 -5.75838697e-02 5.54748715e-01 -1.85225394e+01
5.55279761e-01 7.75669783e-02 -8.28038496e-01 2.80353677e+01 5.34276862e-03 9.95287860e-01 9.68170000e-02 -2.67464764e+00 8.31646465e-01 -5.81845387e-02 5.52248782e-01 -1.86750588e+01
9.89844983e-01 -1.33483634e-01 -4.88776943e-02 5.66548625e+00 1.12761387e-01 9.46684120e-01 -3.01784768e-01 7.47941151e+00 8.65550645e-02 2.93208622e-01 9.52122327e-01 -2.51824712e+01
5.16182782e-01 8.25104202e-02 -8.52494790e-01 3.31512976e+01 1.28444198e-02 9.94491104e-01 1.04031073e-01 -3.84548680e+00 8.56382132e-01 -6.46488493e-02 5.12279386e-01 -2.23753945e+01
5.02819690e-01 8.61825005e-02 -8.60084261e-01 3.47736209e+01 1.23302192e-02 9.94200869e-01 1.06829758e-01 -3.97033722e+00 8.64303375e-01 -6.43211335e-02 4.98841124e-01 -2.36760757e+01
9.87791156e-01 -1.47569899e-01 -4.99175005e-02 1.04349003e+01 1.26972760e-01 9.48304866e-01 -2.90853570e-01 3.85885207e+00 9.02582405e-02 2.80964421e-01 9.55464517e-01 -3.21479464e+01
9.89274022e-01 -1.45742462e-01 9.80025924e-03 8.67754459e+00 1.41096783e-01 9.36068331e-01 -3.22285241e-01 5.92241328e+00 3.77969322e-02 3.20211202e-01 9.46591875e-01 -3.35874146e+01
9.77393231e-01 -1.61849476e-01 -1.36041240e-01 1.39854331e+01 8.00105975e-02 8.78720720e-01 -4.70582830e-01 9.73430169e+00 1.95705841e-01 4.49059732e-01 8.71805357e-01 -3.43991919e+01
9.21958039e-01 -2.20176974e-01 -3.18614932e-01 2.28586881e+01 7.24935982e-02 9.06247186e-01 -4.16486154e-01 7.47531228e+00 3.80444547e-01 3.60885215e-01 8.51483299e-01 -3.53346176e+01
7.87360008e-01 -1.87866331e-01 -5.87171575e-01 3.42720477e+01 9.44828296e-02 9.77957718e-01 -1.86203372e-01 -3.22608296e+00 6.09210319e-01 9.11314567e-02 7.87754940e-01 -3.17756496e+01
6.15289123e-01 -1.94679583e-03 -7.88299122e-01 4.18630669e+01 2.29279799e-01 9.57206817e-01 1.76595250e-01 -1.80361511e+01 7.54221499e-01 -2.89398201e-01 5.89405304e-01 -2.10872079e+01
3.81505746e-01 1.11110671e-01 -9.17664309e-01 4.74474823e+01 4.05256082e-02 9.89784457e-01 1.36690907e-01 -8.79428489e+00 9.23477688e-01 -8.93372709e-02 3.73105630e-01 -3.98497572e+01
3.52709713e-01 1.15534146e-01 -9.28572948e-01 5.08149287e+01 4.90042040e-02 9.88706022e-01 1.41629761e-01 -9.79205925e+00 9.34448739e-01 -9.54581705e-02 3.43064559e-01 -4.26932799e+01
5.00734357e-01 2.41058614e-01 -8.31357834e-01 4.39262200e+01 3.59700514e-01 8.15640110e-01 4.53152018e-01 -2.58500700e+01 7.87324992e-01 -5.25948625e-01 3.21710119e-01 -1.86843498e+01
3.13067426e-01 1.35932393e-01 -9.39952750e-01 5.50098302e+01 1.08900206e-02 9.89125433e-01 1.46670668e-01 -6.76647477e+00 9.49668466e-01 -5.61539132e-02 3.08182646e-01 -5.02215958e+01
2.63465555e-01 1.17140043e-01 -9.57530215e-01 6.08542233e+01 4.29912521e-02 9.90187980e-01 1.32964344e-01 -8.91560898e+00 9.63710358e-01 -7.61969476e-02 2.55844428e-01 -5.17121211e+01
3.88132816e-01 1.83000464e-01 -9.03251763e-01 4.46554168e+01 8.37346282e-02 9.69031040e-01 2.32308749e-01 -2.18115683e+01 9.17791604e-01 -1.65800100e-01 3.60789271e-01 -4.01281792e+01
8.25538744e-01 -1.53568821e-01 -5.43049169e-01 1.83599252e+01 2.85141003e-01 9.43905935e-01 1.66541870e-01 -1.22967967e+01 4.87011694e-01 -2.92332351e-01 8.23019687e-01 -2.45429088e+01
9.70252236e-01 -1.35087113e-01 -2.00903137e-01 9.73676578e+00 2.29344368e-01 7.78647076e-01 5.84046138e-01 -2.35275191e+01 7.75355334e-02 -6.12748074e-01 7.86465535e-01 -2.64202739e+01
9.43509454e-01 -3.20201834e-01 -8.52097203e-02 3.54387908e+00 2.80499204e-01 6.34969498e-01 7.19815208e-01 -2.76969814e+01 -1.76380577e-01 -7.03053712e-01 6.88916083e-01 -1.93352323e+01
7.83024860e-01 -6.01615308e-01 1.57895820e-01 -1.22495300e+00 2.03207706e-01 4.87364155e-01 8.49224828e-01 -3.12129389e+01 -5.87859419e-01 -6.32878505e-01 5.03871116e-01 -1.53906677e+01
6.01976545e-01 -7.72358813e-01 2.02697072e-01 -1.32801878e+00 2.00492549e-01 3.91906124e-01 8.97893272e-01 -3.17772831e+01 -7.72934005e-01 -4.99871437e-01 3.90770482e-01 -1.51264769e+01
5.48550019e-01 -8.16764010e-01 1.78855886e-01 -2.42261578e-02 2.67362002e-01 3.74028632e-01 8.88042872e-01 -3.18864721e+01 -7.92218680e-01 -4.39316667e-01 4.23545074e-01 -1.60458056e+01
4.70405767e-01 -8.02445265e-01 3.67151211e-01 -9.29431671e+00 3.35096767e-01 5.47328502e-01 7.66903949e-01 -2.78399393e+01 -8.16350765e-01 -2.37724857e-01 5.26363298e-01 -1.96281914e+01
4.25850986e-01 1.04239744e-01 -8.98768610e-01 3.66815600e+01 3.27956170e-02 9.90910291e-01 1.30465483e-01 -7.71034256e+00 9.04198753e-01 -8.50345256e-02 4.18561518e-01 -4.23834277e+01
4.20479915e-01 1.06712678e-01 -9.01004465e-01 3.70573294e+01 3.33193349e-02 9.90573206e-01 1.32870408e-01 -7.98129096e+00 9.06689838e-01 -8.58902074e-02 4.12960543e-01 -4.30419354e+01
4.07087668e-01 1.06994968e-01 -9.07100715e-01 3.87347872e+01 2.83890472e-02 9.91153389e-01 1.29649612e-01 -6.98419223e+00 9.12947804e-01 -7.85304834e-02 4.00448837e-01 -4.67637658e+01
4.22278546e-01 8.43219220e-02 -9.02535674e-01 3.60107607e+01 3.91763799e-02 9.93035972e-01 1.11107017e-01 -6.55141336e+00 9.05619148e-01 -8.22761900e-02 4.16034359e-01 -4.34780090e+01
5.29399163e-01 -7.62004004e-01 3.72942923e-01 -8.74832087e+00 4.63345756e-01 6.27943396e-01 6.25298170e-01 -2.24684314e+01 -7.10666755e-01 -1.58230807e-01 6.85504030e-01 -3.56468369e+01
4.04699051e-01 8.50345028e-02 -9.10487678e-01 3.81247437e+01 3.28948814e-02 9.93668912e-01 1.07424484e-01 -5.13038136e+00 9.13858088e-01 -7.34249710e-02 3.99339666e-01 -4.91787466e+01
4.01231725e-01 8.67376867e-02 -9.11860558e-01 3.83127835e+01 3.22963479e-02 9.93547772e-01 1.08718766e-01 -5.02031132e+00 9.15407040e-01 -7.30711839e-02 3.95841576e-01 -5.05805210e+01
3.98938389e-01 7.96254452e-02 -9.13514067e-01 3.83362006e+01 3.23945912e-02 9.94377076e-01 1.00820739e-01 -4.43511552e+00 9.16405343e-01 -6.98141780e-02 3.94115755e-01 -5.11870041e+01
3.89759627e-01 8.05137018e-02 -9.17390308e-01 3.92044344e+01 3.37867840e-02 9.94250018e-01 1.01613755e-01 -4.67048336e+00 9.20296630e-01 -7.06006073e-02 3.84798217e-01 -5.06967156e+01
3.96249156e-01 7.54326612e-02 -9.15039081e-01 3.80292308e+01 3.18582923e-02 9.94889574e-01 9.58111969e-02 -3.88114073e+00 9.17590135e-01 -6.71166884e-02 3.91820998e-01 -5.30899969e+01
3.77503853e-01 7.52714105e-02 -9.22943691e-01 4.01362388e+01 3.61659355e-02 9.94731928e-01 9.59188043e-02 -4.34888039e+00 9.25301500e-01 -6.95888402e-02 3.72792874e-01 -5.20150737e+01
3.75445438e-01 7.39766925e-02 -9.23887532e-01 4.02147549e+01 3.40391703e-02 9.95036629e-01 9.35063706e-02 -4.00557143e+00 9.26219228e-01 -6.65549053e-02 3.71063858e-01 -5.28988059e+01
3.67531346e-01 6.35417597e-02 -9.27837893e-01 4.08120510e+01 3.83400299e-02 9.95779856e-01 8.33817715e-02 -3.65609953e+00 9.29220508e-01 -6.62187472e-02 3.63544118e-01 -5.20548234e+01
3.65851561e-01 6.74847095e-02 -9.28223275e-01 4.10035375e+01 3.67381626e-02 9.95542969e-01 8.68591042e-02 -3.64714174e+00 9.29947817e-01 -6.58787565e-02 3.61741686e-01 -5.44827980e+01
3.61957497e-01 6.73500965e-02 -9.29758428e-01 4.12940400e+01 3.77190285e-02 9.95511682e-01 8.67972696e-02 -3.51329637e+00 9.31431181e-01 -6.64865070e-02 3.57792536e-01 -5.54351806e+01
-6.38952558e-01 -6.26188352e-01 4.46797243e-01 -2.50580109e+01 -8.35087188e-02 6.33856533e-01 7.68929249e-01 -3.33774739e+01 -7.64699891e-01 4.53997845e-01 -4.57296440e-01 8.27731028e-01
3.57485646e-01 6.56960274e-02 -9.31605091e-01 4.13970368e+01 3.86245321e-02 9.95629268e-01 8.50323857e-02 -3.22343177e+00 9.33119584e-01 -6.63806681e-02 3.53385693e-01 -5.75897077e+01
3.64295072e-01 2.85620520e-03 -9.31279197e-01 3.94945702e+01 3.49011485e-02 9.99250942e-01 1.67172017e-02 3.28835814e+00 9.30629363e-01 -3.85927077e-02 3.63922509e-01 -5.71103192e+01
3.40865655e-01 6.31639864e-02 -9.37987695e-01 4.28774416e+01 3.81168220e-02 9.95991364e-01 8.09216378e-02 -2.87045154e+00 9.39338977e-01 -6.33365171e-02 3.37091638e-01 -5.77988533e+01
3.47595299e-01 5.48524684e-02 -9.36038843e-01 4.18796908e+01 4.77529878e-02 9.95956304e-01 7.60966025e-02 -3.34456884e+00 9.36427872e-01 -7.11494728e-02 3.43570360e-01 -5.89221879e+01
3.31141728e-01 6.31347909e-02 -9.41466491e-01 4.35752819e+01 3.49304876e-02 9.96254909e-01 7.90949949e-02 -2.54929937e+00 9.42934259e-01 -5.90775369e-02 3.27696243e-01 -5.78576010e+01
3.38045924e-01 7.27171411e-02 -9.38316136e-01 4.26921738e+01 2.96844160e-02 9.95690628e-01 8.78578857e-02 -2.72812038e+00 9.40661357e-01 -5.75533667e-02 3.34430592e-01 -5.88800859e+01
3.11468089e-01 5.60320691e-02 -9.48603203e-01 4.53168543e+01 3.69682414e-02 9.96789839e-01 7.10166532e-02 -1.91713198e+00 9.49537244e-01 -5.71876135e-02 3.08396819e-01 -5.97028999e+01
3.35172650e-01 6.29652370e-02 -9.40050357e-01 4.25494510e+01 3.59459191e-02 9.96183238e-01 7.95414864e-02 -2.44975773e+00 9.41470756e-01 -6.04511049e-02 3.31630033e-01 -6.19784079e+01
3.15208749e-01 2.40386328e-02 -9.48717866e-01 4.43613877e+01 4.86220968e-02 9.97957189e-01 4.14408098e-02 -5.62508841e-01 9.47775995e-01 -5.91911577e-02 3.13396028e-01 -6.12075329e+01
3.32685413e-01 6.30511018e-02 -9.40927720e-01 4.24006479e+01 3.11063471e-02 9.96485754e-01 7.77723423e-02 -1.80378196e+00 9.42524700e-01 -5.51425481e-02 3.29554986e-01 -6.41273012e+01
-4.41698139e-01 1.40824589e-01 -8.86042431e-01 2.59054294e+01 -1.93388069e-01 9.49442256e-01 2.47306402e-01 -1.60075923e+01 8.76072947e-01 2.80584812e-01 -3.92133082e-01 1.86604040e+01
3.07065257e-01 5.58518076e-02 -9.50048158e-01 4.52712007e+01 2.68098775e-02 9.97372575e-01 6.72991601e-02 -5.29942422e-01 9.51310758e-01 -4.61359087e-02 3.04761086e-01 -6.53926114e+01
3.20135303e-01 8.77976387e-02 -9.43294738e-01 4.43507676e+01 4.24663237e-03 9.95553422e-01 9.41028643e-02 -9.63081693e-02 9.47362314e-01 -3.41314750e-02 3.18338953e-01 -7.30787480e+01
3.18003081e-01 8.79149441e-02 -9.44004768e-01 4.51414980e+01 5.25144115e-03 9.95512823e-01 9.44809090e-02 -1.79386150e-01 9.48075136e-01 -3.50026057e-02 3.16114465e-01 -7.33637496e+01
3.15098986e-01 8.69510045e-02 -9.45067274e-01 4.63155213e+01 5.67609297e-03 9.95603747e-01 9.34931083e-02 -2.72540014e-01 9.49041839e-01 -3.48238733e-02 3.13220189e-01 -7.37754839e+01
1.97152184e-01 3.30654744e-01 -9.22929280e-01 3.13734121e+01 2.19361844e-01 9.02659377e-01 3.70251848e-01 -1.65301287e+01 9.55516299e-01 -2.75451429e-01 1.05428233e-01 3.72283691e+00
1.93105535e-01 3.30238096e-01 -9.23933467e-01 3.50940850e+01 2.20973016e-01 9.02828524e-01 3.68878818e-01 -1.80128398e+01 9.55971327e-01 -2.75396907e-01 1.01367478e-01 3.31527703e+00
1.88949916e-01 3.28020245e-01 -9.25581249e-01 3.99421113e+01 2.22417450e-01 9.03768688e-01 3.65694730e-01 -1.99029462e+01 9.56466626e-01 -2.74963410e-01 9.78095914e-02 2.80475842e+00
2.87609597e-01 3.97211588e-02 -9.56923690e-01 4.65955949e+01 3.59971881e-02 9.97985313e-01 5.22447823e-02 3.20214955e-01 9.57071012e-01 -4.94726628e-02 2.85600304e-01 -7.05859581e+01
2.86263472e-01 4.12413664e-02 -9.57262960e-01 5.08481744e+01 3.48120503e-02 9.97965930e-01 5.34052806e-02 4.24812690e-02 9.57518327e-01 -4.86122673e-02 2.84245495e-01 -7.21246318e+01
2.84205842e-01 4.17927702e-02 -9.57851974e-01 5.42571052e+01 3.40750055e-02 9.97978027e-01 5.36539918e-02 -1.76751550e-01 9.58157572e-01 -4.78875892e-02 2.82207097e-01 -7.32181900e+01
2.81179795e-01 4.16432115e-02 -9.58751149e-01 5.68707840e+01 3.39116295e-02 9.98002902e-01 5.32936112e-02 -2.78686522e-01 9.59055746e-01 -4.74979004e-02 2.79206062e-01 -7.39391837e+01
2.54719691e-01 -1.71970507e-02 -9.66862007e-01 4.94906487e+01 5.45426010e-02 9.98505688e-01 -3.39063737e-03 3.32078695e+00 9.65475522e-01 -5.18715066e-02 2.55277032e-01 -7.36348468e+01
2.52865768e-01 -1.78660439e-02 -9.67336398e-01 5.15992073e+01 5.58135790e-02 9.98433783e-01 -3.85048906e-03 3.30151025e+00 9.65890132e-01 -5.30168497e-02 2.53466893e-01 -7.42379712e+01
2.96857338e-01 2.45846397e-02 -9.54605320e-01 4.14559641e+01 2.99792845e-02 9.98935836e-01 3.50490904e-02 9.08362178e-01 9.54451132e-01 -3.90229642e-02 2.95804403e-01 -6.65492036e+01
2.92537519e-01 2.49965306e-02 -9.55927285e-01 4.33070071e+01 3.08968635e-02 9.98889279e-01 3.55751518e-02 8.31381550e-01 9.55754772e-01 -3.99422215e-02 2.91440277e-01 -6.70339669e+01
2.72932396e-01 1.52098663e-01 -9.49933631e-01 -1.85523273e+13 6.14069718e-02 9.82654969e-01 1.74981129e-01 -4.85707358e+12 9.60071399e-01 -1.06090566e-01 2.58858457e-01 5.76483447e+14
3.18711267e-01 -3.98040778e-01 -8.60224777e-01 -4.11758547e+04 2.14574134e-01 9.14289681e-01 -3.43558322e-01 -6.43930115e+04 9.23244859e-01 -7.50860782e-02 3.76803678e-01 6.66781078e+05
3.19651304e-01 -3.99538093e-01 -8.59181213e-01 -4.11747099e+04 2.15749202e-01 9.13625372e-01 -3.44588104e-01 -6.43925753e+04 9.22645829e-01 -7.52196246e-02 3.78241566e-01 6.66780280e+05
3.15550616e-01 -3.99062698e-01 -8.60916240e-01 -4.11735790e+04 2.16271725e-01 9.13636638e-01 -3.44230497e-01 -6.43921019e+04 9.23934170e-01 -7.75696945e-02 3.74604582e-01 6.66779791e+05
1.96086206e-01 -1.92821512e-01 -9.61441660e-01 5.24854271e+01 1.05634986e-01 9.78923909e-01 -1.74783381e-01 1.29980747e+01 9.74880223e-01 -6.72892659e-02 2.12322172e-01 -8.58679804e+01
1.93178779e-01 -1.93654297e-01 -9.61862762e-01 5.44934310e+01 1.06450056e-01 9.78678563e-01 -1.75660629e-01 1.33346564e+01 9.75371901e-01 -6.84564387e-02 2.09674440e-01 -8.64394531e+01
1.88883086e-01 -1.93741066e-01 -9.62698073e-01 5.60332305e+01 1.07976247e-01 9.78497891e-01 -1.75735615e-01 1.36125960e+01 9.76045240e-01 -7.07550400e-02 2.05741134e-01 -8.67157584e+01
1.85561280e-01 -1.93555561e-01 -9.63381158e-01 5.75524957e+01 1.08827096e-01 9.78425036e-01 -1.75616380e-01 1.38565846e+01 9.76587771e-01 -7.22543739e-02 2.02621891e-01 -8.70956759e+01
1.81312170e-01 -1.91688889e-01 -9.64562733e-01 5.90185169e+01 1.09626251e-01 9.78645773e-01 -1.73880808e-01 1.41120297e+01 9.77296261e-01 -7.42146897e-02 1.98454523e-01 -8.73339969e+01
1.76014751e-01 -1.92996705e-01 -9.65282901e-01 6.04743511e+01 1.10294220e-01 9.78284392e-01 -1.75484569e-01 1.43886215e+01 9.78189139e-01 -7.55772515e-02 1.93478905e-01 -8.76010224e+01
1.72912898e-01 -1.91712601e-01 -9.66099068e-01 6.21504563e+01 1.11369222e-01 9.78388890e-01 -1.74218472e-01 1.46967905e+01 9.78620471e-01 -7.74690808e-02 1.90526942e-01 -8.79909204e+01
1.68164049e-01 -1.89304604e-01 -9.67411298e-01 6.49575688e+01 1.11862989e-01 9.78712539e-01 -1.72071027e-01 1.52007982e+01 9.79391405e-01 -7.92813587e-02 1.85760442e-01 -8.82549390e+01
1.67815568e-01 -1.87055160e-01 -9.67909243e-01 6.71875155e+01 1.13962360e-01 9.78931668e-01 -1.69426589e-01 1.55741204e+01 9.79209128e-01 -8.18728024e-02 1.85597221e-01 -8.88976984e+01
1.66300328e-01 -1.85723002e-01 -9.68427162e-01 6.91726041e+01 1.17115198e-01 9.78871460e-01 -1.67614722e-01 1.58656815e+01 9.79095619e-01 -8.55431550e-02 1.84537631e-01 -8.93063024e+01
1.64322265e-01 -1.84762718e-01 -9.68948364e-01 7.16276295e+01 1.18267110e-01 9.78905400e-01 -1.66604650e-01 1.62392797e+01 9.79291113e-01 -8.72178687e-02 1.82707305e-01 -8.98284762e+01
1.60927531e-01 -1.84423626e-01 -9.69582516e-01 7.39068755e+01 1.19236737e-01 9.78824106e-01 -1.66391013e-01 1.66445089e+01 9.79737174e-01 -8.88329610e-02 1.79509818e-01 -9.02587422e+01
1.57316668e-01 -1.85030383e-01 -9.70059392e-01 7.67381713e+01 1.21531738e-01 9.78451368e-01 -1.66922010e-01 1.70462067e+01 9.80041582e-01 -9.16333890e-02 1.76413773e-01 -9.08949978e+01
1.54147586e-01 -1.83978600e-01 -9.70767942e-01 7.87627607e+01 1.22939291e-01 9.78447222e-01 -1.65912519e-01 1.73860891e+01 9.80369549e-01 -9.37705079e-02 1.73443476e-01 -9.12856200e+01
1.51028973e-01 -1.85409919e-01 -9.70985794e-01 8.02091437e+01 1.24329198e-01 9.78015766e-01 -1.67413894e-01 1.76247051e+01 9.80679611e-01 -9.54375364e-02 1.70760583e-01 -9.15853519e+01
-3.32804438e-01 -8.87713947e-01 -3.18127574e-01 2.71773072e+15 -2.26574066e-01 -2.52200465e-01 9.40775807e-01 -5.21138493e+14 -9.15371727e-01 3.85173822e-01 -1.17199524e-01 7.73764617e+15
-3.35981699e-01 -8.86232982e-01 -3.18915976e-01 2.71773072e+15 -2.28218888e-01 -2.51908069e-01 9.40456519e-01 -5.21138493e+14 -9.13801093e-01 3.88758828e-01 -1.17618605e-01 7.73764617e+15
-3.37231894e-01 -8.85308840e-01 -3.20160754e-01 2.71773072e+15 -2.29371139e-01 -2.52566837e-01 9.39999401e-01 -5.21138493e+14 -9.13051768e-01 3.90433415e-01 -1.17890704e-01 7.73764617e+15
-3.35470774e-01 -8.85665647e-01 -3.21022932e-01 2.71773072e+15 -2.30475610e-01 -2.53253024e-01 9.39544517e-01 -5.21138493e+14 -9.13422330e-01 3.89177682e-01 -1.19165342e-01 7.73764617e+15
-3.35342480e-01 -8.84147226e-01 -3.25313853e-01 2.71773072e+15 -2.33067406e-01 -2.56716559e-01 9.37963855e-01 -5.21138493e+14 -9.12811593e-01 3.90359181e-01 -1.19977933e-01 7.73764617e+15
-3.32674186e-01 -8.83821829e-01 -3.28917711e-01 2.71773072e+15 -2.34645314e-01 -2.60237536e-01 9.36599168e-01 -5.21138493e+14 -9.13383524e-01 3.88761365e-01 -1.20810340e-01 7.73764617e+15
-3.29978409e-01 -8.84715279e-01 -3.29231113e-01 2.71773072e+15 -2.34687502e-01 -2.60930105e-01 9.36395887e-01 -5.21138493e+14 -9.14350057e-01 3.86256852e-01 -1.21530318e-01 7.73764617e+15
-3.27085768e-01 -8.84781486e-01 -3.31928641e-01 2.71773072e+15 -2.35570030e-01 -2.63819426e-01 9.35364139e-01 -5.21138493e+14 -9.15162096e-01 3.84136737e-01 -1.22136421e-01 7.73764617e+15
-7.94035373e-01 4.65592876e-01 -3.90808266e-01 1.44610728e+15 5.14179002e-01 8.57367300e-01 -2.32651381e-02 2.54243639e+14 3.24234145e-01 -2.19418747e-01 -9.20178044e-01 2.00866928e+15
-7.96063912e-01 4.66150543e-01 -3.85986942e-01 1.44610728e+15 5.14803168e-01 8.56886683e-01 -2.68870026e-02 2.54243639e+14 3.18213680e-01 -2.20111073e-01 -9.22112341e-01 2.00866928e+15
-8.01846082e-01 4.58855628e-01 -3.82745834e-01 1.44610728e+15 5.07713754e-01 8.60949748e-01 -3.15004008e-02 2.54243639e+14 3.15070793e-01 -2.19583797e-01 -9.23316496e-01 2.00866928e+15
-8.05691371e-01 4.56170477e-01 -3.77849059e-01 1.44610728e+15 5.04054367e-01 8.63046615e-01 -3.28593333e-02 2.54243639e+14 3.11111894e-01 -2.16930950e-01 -9.25283931e-01 2.00866928e+15
-8.08579212e-01 4.51969313e-01 -3.76727220e-01 1.44610728e+15 4.99378820e-01 8.65748598e-01 -3.31686520e-02 2.54243639e+14 3.11159850e-01 -2.14949077e-01 -9.25730221e-01 2.00866928e+15
-8.12474008e-01 4.50557904e-01 -3.69977785e-01 1.44610728e+15 4.96679354e-01 8.67244842e-01 -3.45832862e-02 2.54243639e+14 3.05279552e-01 -2.11858348e-01 -9.28396701e-01 2.00866928e+15
-8.14854330e-01 4.49300315e-01 -3.66253529e-01 1.44610728e+15 4.95208825e-01 8.67987515e-01 -3.69579825e-02 2.54243639e+14 3.01298257e-01 -2.11487352e-01 -9.29780867e-01 2.00866928e+15
-8.15208855e-01 4.52490314e-01 -3.61506624e-01 1.44610728e+15 4.97226496e-01 8.66864186e-01 -3.62256026e-02 2.54243639e+14 2.96985411e-01 -2.09282104e-01 -9.31665534e-01 2.00866928e+15
-8.27465156e-01 3.72802790e-01 -4.19904151e-01 1.50178228e+15 4.29135171e-01 9.02132697e-01 -4.47169073e-02 3.19012139e+14 3.62138676e-01 -2.17197322e-01 -9.06466162e-01 1.83612231e+15
-8.08193602e-01 3.82131423e-01 -4.48105655e-01 1.53184032e+15 4.28202510e-01 9.03681273e-01 -1.66371102e-03 2.40856558e+14 4.04308932e-01 -1.93224567e-01 -8.93979057e-01 1.72245501e+15
-8.26069881e-01 3.50676055e-01 -4.41174405e-01 1.51496206e+15 4.03482320e-01 9.14541835e-01 -2.85525844e-02 3.08557086e+14 3.93459742e-01 -2.01592502e-01 -8.96967053e-01 1.72453378e+15
-8.20923278e-01 3.45894861e-01 -4.54358577e-01 1.52945629e+15 4.00489897e-01 9.15923108e-01 -2.63192621e-02 3.06647755e+14 4.07053823e-01 -2.03572115e-01 -8.90429997e-01 1.67345269e+15
-8.16640782e-01 3.43584014e-01 -4.63732529e-01 1.53960949e+15 4.02816637e-01 9.14733955e-01 -3.16314439e-02 3.14521593e+14 4.13323832e-01 -2.12630705e-01 -8.85410410e-01 1.62657964e+15
-8.08029004e-01 3.44312499e-01 -4.78056516e-01 1.55745703e+15 4.06580196e-01 9.13137261e-01 -2.95446639e-02 3.07748286e+14 4.26358620e-01 -2.18241258e-01 -8.77832034e-01 1.57172002e+15
-8.00486056e-01 3.47679273e-01 -4.88202004e-01 1.57004118e+15 4.11524991e-01 9.11028653e-01 -2.59610513e-02 2.96977055e+14 4.35739894e-01 -2.21688785e-01 -8.72344443e-01 1.52884954e+15
-7.91401054e-01 3.50333518e-01 -5.00949896e-01 1.58628331e+15 4.16378606e-01 9.08921429e-01 -2.21515688e-02 2.85951209e+14 4.47563659e-01 -2.26115594e-01 -8.65192759e-01 1.47710119e+15
-7.83344202e-01 3.50465511e-01 -5.13367107e-01 1.60154495e+15 4.19280679e-01 9.07632898e-01 -2.01552878e-02 2.80214649e+14 4.58885141e-01 -2.31033437e-01 -8.57932385e-01 1.42591313e+15
-7.74233468e-01 3.52139393e-01 -5.25890088e-01 1.61757712e+15 4.23519151e-01 9.05726893e-01 -1.70388877e-02 2.70795913e+14 4.70312732e-01 -2.35916600e-01 -8.50381851e-01 1.37445472e+15
-7.67859499e-01 3.49193253e-01 -5.37080871e-01 1.63061127e+15 4.23778798e-01 9.05604726e-01 -1.70766002e-02 2.71163306e+14 4.80419941e-01 -2.40715916e-01 -8.43357888e-01 1.32568154e+15
-7.54136471e-01 3.54033260e-01 -5.53117198e-01 1.65226923e+15 4.31309577e-01 9.02141400e-01 -1.06274415e-02 2.53041530e+14 4.95227456e-01 -2.46579286e-01 -8.33035667e-01 1.26611152e+15
-7.80489083e-01 3.74547956e-01 -5.00550317e-01 1.59939439e+15 4.92847009e-01 8.61228725e-01 -1.24043976e-01 3.76611560e+14 3.84627894e-01 -3.43509696e-01 -8.56774458e-01 1.29101092e+15
-7.89060927e-01 3.67092999e-01 -4.92570384e-01 1.57413212e+15 4.21222833e-01 9.06956449e-01 1.15086847e-03 2.42224261e+14 4.47162362e-01 -2.06573787e-01 -8.70271850e-01 1.39941782e+15
-7.47069596e-01 3.97758917e-01 -5.32611362e-01 1.63321948e+15 4.49802407e-01 8.92420293e-01 3.55501743e-02 1.53956843e+14 4.89453586e-01 -2.13011418e-01 -8.45612986e-01 1.29188479e+15
-7.38485546e-01 4.06327283e-01 -5.38086645e-01 1.64128598e+15 4.53673136e-01 8.89804181e-01 4.92869727e-02 1.26029097e+14 4.98818388e-01 -2.07717739e-01 -8.41447299e-01 1.26282025e+15
-7.38469417e-01 4.05813861e-01 -5.38496083e-01 1.64138606e+15 4.54995024e-01 8.89293814e-01 4.62173195e-02 1.30702665e+14 4.97636864e-01 -2.10882961e-01 -8.41359571e-01 1.24270346e+15
-6.66120702e-01 1.22438730e-01 7.35725471e-01 -8.75253750e+14 5.04466174e-01 8.00531698e-01 3.23516429e-01 -4.73027326e+14 -5.49360620e-01 5.86649604e-01 -5.95016934e-01 2.51478816e+15
-6.20055005e-01 2.06335974e-01 7.56939401e-01 -8.10785915e+14 5.85170424e-01 7.64283147e-01 2.71010786e-01 -4.39539579e+14 -5.22596753e-01 6.10980144e-01 -5.94639300e-01 2.18789144e+15
-1.53992033e-02 3.67280418e-01 9.29982773e-01 -2.52226727e+16 9.07879253e-01 -3.84571589e-01 1.66913018e-01 -1.26780994e+16 4.18948836e-01 8.46882393e-01 -3.27524175e-01 7.90357733e+16
-6.89890972e-01 -6.60693868e-01 -2.95861554e-01 -2.06390858e+14 -6.65686641e-01 7.39589566e-01 -9.93406775e-02 8.05478294e+13 2.84449895e-01 1.28416847e-01 -9.50051246e-01 2.08399313e+15
-6.90846826e-01 -6.61027089e-01 -2.92871731e-01 -2.06390858e+14 -6.65632843e-01 7.39646312e-01 -9.92786572e-02 8.05478294e+13 2.82247378e-01 1.26358698e-01 -9.50983647e-01 2.08399313e+15
-6.92752770e-01 -6.61612938e-01 -2.86987666e-01 -2.06390858e+14 -6.65833888e-01 7.39646625e-01 -9.79188626e-02 8.05478294e+13 2.77053845e-01 1.23252550e-01 -9.52916563e-01 2.08399313e+15
-6.93815202e-01 -6.62636927e-01 -2.82015546e-01 -2.06390858e+14 -6.66462781e-01 7.39178220e-01 -9.71746962e-02 8.05478294e+13 2.72851291e-01 1.20531583e-01 -9.54475935e-01 2.08399313e+15
-6.92476409e-01 -6.65334971e-01 -2.78936911e-01 -2.06390858e+14 -6.68503549e-01 7.37136039e-01 -9.86583219e-02 8.05478294e+13 2.71255281e-01 1.18151754e-01 -9.55228106e-01 2.08399313e+15
-6.86359560e-01 -6.72919112e-01 -2.75844924e-01 -2.06390858e+14 -6.74321249e-01 7.30908089e-01 -1.05186588e-01 8.05478294e+13 2.72399352e-01 1.13812273e-01 -9.55429411e-01 2.08399313e+15
-6.84513446e-01 -6.80855215e-01 -2.60533142e-01 -2.06390858e+14 -6.77879153e-01 7.25947989e-01 -1.16100695e-01 8.05478294e+13 2.68181274e-01 9.71374993e-02 -9.58458716e-01 2.08399313e+15
8.30094003e-01 5.23415368e-01 -1.92302625e-01 -6.19814526e+14 3.34204708e-01 -7.43046400e-01 -5.79818300e-01 2.56123578e+14 -4.46375582e-01 4.17035250e-01 -7.91726240e-01 3.54094736e+15
8.24801739e-01 5.24756303e-01 -2.10553825e-01 -6.19814526e+14 3.28519636e-01 -7.47837105e-01 -5.76900783e-01 2.56123578e+14 -4.60192285e-01 4.06657703e-01 -7.89210095e-01 3.54094736e+15
8.25057130e-01 5.25204234e-01 -2.08425634e-01 -6.19814526e+14 3.34897716e-01 -7.51612669e-01 -5.68262190e-01 2.56123578e+14 -4.55109055e-01 3.99047503e-01 -7.96013090e-01 3.54094736e+15
8.24873320e-01 5.27946645e-01 -2.02129527e-01 -6.19814526e+14 3.43464204e-01 -7.52023022e-01 -5.62577740e-01 2.56123578e+14 -4.49017089e-01 3.94631111e-01 -8.01654502e-01 3.54094736e+15
8.27106591e-01 5.27553587e-01 -1.93860515e-01 -6.19814526e+14 3.47726253e-01 -7.51295571e-01 -5.60929066e-01 2.56123578e+14 -4.41566687e-01 3.96537737e-01 -8.04845751e-01 3.54094736e+15
8.30771807e-01 5.23775854e-01 -1.88353548e-01 -6.19814526e+14 3.47096155e-01 -7.52034636e-01 -5.60328623e-01 2.56123578e+14 -4.35134995e-01 4.00128431e-01 -8.06569758e-01 3.54094736e+15
8.35243347e-01 5.16806851e-01 -1.87827660e-01 -6.19814526e+14 3.40848030e-01 -7.54634318e-01 -5.60668945e-01 2.56123578e+14 -4.31498750e-01 4.04274319e-01 -8.06455891e-01 3.54094736e+15
8.38160703e-01 5.11852712e-01 -1.88397021e-01 -6.19814526e+14 3.34649218e-01 -7.55364257e-01 -5.63413472e-01 2.56123578e+14 -4.30693089e-01 4.09184116e-01 -8.04407746e-01 3.54094736e+15
8.39427148e-01 5.11204086e-01 -1.84478852e-01 -6.19814526e+14 3.34488350e-01 -7.53501636e-01 -5.65997198e-01 2.56123578e+14 -4.28345197e-01 4.13407386e-01 -8.03501540e-01 3.54094736e+15
8.40561100e-01 5.10778253e-01 -1.80451140e-01 -6.19814526e+14 3.35559935e-01 -7.52445041e-01 -5.66768021e-01 2.56123578e+14 -4.25272345e-01 4.15850978e-01 -8.03872749e-01 3.54094736e+15
8.43954032e-01 5.06911991e-01 -1.75447499e-01 -6.19814526e+14 3.34889481e-01 -7.53411812e-01 -5.65879560e-01 2.56123578e+14 -4.19035353e-01 4.18820815e-01 -8.05604430e-01 3.54094736e+15
8.44894312e-01 5.06313219e-01 -1.72628287e-01 -6.19814526e+14 3.36330506e-01 -7.53738356e-01 -5.64588594e-01 2.56123578e+14 -4.15975230e-01 4.18957533e-01 -8.07117832e-01 3.54094736e+15
8.51162250e-01 4.99919814e-01 -1.60009383e-01 -6.19814526e+14 3.35915286e-01 -7.53021392e-01 -5.65791219e-01 2.56123578e+14 -4.03340730e-01 4.27830530e-01 -8.08874090e-01 3.54094736e+15
8.52874026e-01 4.98238667e-01 -1.56090121e-01 -6.19814526e+14 3.36410803e-01 -7.53021555e-01 -5.65496516e-01 2.56123578e+14 -3.99291456e-01 4.29786887e-01 -8.09845395e-01 3.54094736e+15
8.52944173e-01 4.98913581e-01 -1.53530052e-01 -6.19814526e+14 3.37965609e-01 -7.51957094e-01 -5.65985668e-01 2.56123578e+14 -3.97825948e-01 4.30866300e-01 -8.09993054e-01 3.54094736e+15
8.55339678e-01 4.95985284e-01 -1.49641683e-01 -6.19814526e+14 3.38088140e-01 -7.53258182e-01 -5.64179511e-01 2.56123578e+14 -3.92543557e-01 4.31973043e-01 -8.11978353e-01 3.54094736e+15
8.56918505e-01 4.93993507e-01 -1.47177070e-01 -6.19814526e+14 3.38366307e-01 -7.54499039e-01 -5.62351708e-01 2.56123578e+14 -3.88843050e-01 4.32089823e-01 -8.13694947e-01 3.54094736e+15
8.61079663e-01 4.88422196e-01 -1.41370340e-01 -6.19814526e+14 3.37314075e-01 -7.56752505e-01 -5.59950767e-01 2.56123578e+14 -3.80474742e-01 4.34476012e-01 -8.16375873e-01 3.54094736e+15
8.63570831e-01 4.86129552e-01 -1.33878596e-01 -6.19814526e+14 3.38020802e-01 -7.55152729e-01 -5.61681666e-01 2.56123578e+14 -3.74148843e-01 4.39798153e-01 -8.16449771e-01 3.54094736e+15
8.64632685e-01 4.86604025e-01 -1.25007373e-01 -6.19814526e+14 3.41166755e-01 -7.51329998e-01 -5.64896874e-01 2.56123578e+14 -3.68802882e-01 4.45779941e-01 -8.15637590e-01 3.54094736e+15
-4.87026163e-01 5.76000487e-01 6.56527955e-01 -3.56152226e+14 7.21185373e-01 6.89226956e-01 -6.96983534e-02 9.11645927e+13 -4.92643050e-01 4.39533436e-01 -7.51074686e-01 1.23073028e+15
-4.80999216e-01 5.68499370e-01 6.67419074e-01 -3.56152226e+14 7.19900406e-01 6.90597008e-01 -6.94203018e-02 9.11645927e+13 -5.00383013e-01 4.47084151e-01 -7.41439547e-01 1.23073028e+15
-4.80478358e-01 5.64326278e-01 6.71324362e-01 -3.56152226e+14 7.18232160e-01 6.92467988e-01 -6.80488834e-02 9.11645927e+13 -5.03272403e-01 4.49470731e-01 -7.38033164e-01 1.23073028e+15
-4.81719507e-01 5.61710854e-01 6.72627113e-01 -3.56152226e+14 7.16346472e-01 6.94523740e-01 -6.69664555e-02 9.11645927e+13 -5.04771283e-01 4.49575011e-01 -7.36945223e-01 1.23073028e+15
-4.80843327e-01 5.56851289e-01 6.77278626e-01 -3.56152226e+14 7.13749646e-01 6.97234679e-01 -6.65225112e-02 9.11645927e+13 -5.09265292e-01 4.51420474e-01 -7.32713053e-01 1.23073028e+15
-4.80658965e-01 5.58489608e-01 6.76059403e-01 -3.56152226e+14 7.15666419e-01 6.95353781e-01 -6.56101820e-02 9.11645927e+13 -5.06743067e-01 4.52296890e-01 -7.33920287e-01 1.23073028e+15
-4.78457391e-01 5.60328031e-01 6.76099862e-01 -3.56152226e+14 7.18889220e-01 6.92093524e-01 -6.48447714e-02 9.11645927e+13 -5.04258679e-01 4.55015442e-01 -7.33951042e-01 1.23073028e+15
-4.75612195e-01 5.63697055e-01 6.75306353e-01 -3.56152226e+14 7.23779395e-01 6.87078243e-01 -6.37720570e-02 9.11645927e+13 -4.99936423e-01 4.58442056e-01 -7.34775104e-01 1.23073028e+15
-4.74750556e-01 5.67661508e-01 6.72586293e-01 -3.56152226e+14 7.27582366e-01 6.83122880e-01 -6.29843819e-02 9.11645927e+13 -4.95212895e-01 4.59460056e-01 -7.37333470e-01 1.23073028e+15
-4.82338719e-01 5.65160251e-01 6.69285627e-01 -3.56152226e+14 7.23422048e-01 6.87839642e-01 -5.94741000e-02 9.11645927e+13 -4.93973583e-01 4.55489318e-01 -7.40621078e-01 1.23073028e+15
-4.88676506e-01 5.60224026e-01 6.68838033e-01 -3.56152226e+14 7.16907979e-01 6.94740779e-01 -5.81222781e-02 9.11645927e+13 -4.97230553e-01 4.51092331e-01 -7.41132570e-01 1.23073028e+15
-4.92672260e-01 5.57854758e-01 6.67886302e-01 -3.56152226e+14 7.14060103e-01 6.97830399e-01 -5.61329127e-02 9.11645927e+13 -4.97385377e-01 4.49255833e-01 -7.42143506e-01 1.23073028e+15
1.13471722e-01 -3.29316312e-02 -9.92995305e-01 7.90776181e+14 -5.26912921e-01 -8.49314960e-01 -3.20448539e-02 2.72554939e+14 -8.42310479e-01 5.26858241e-01 -1.13725333e-01 2.20387030e+15
1.11441143e-01 -3.38893128e-02 -9.93193026e-01 7.90776181e+14 -5.26196590e-01 -8.49832038e-01 -3.00442359e-02 2.72554939e+14 -8.43029074e-01 5.25962947e-01 -1.12538694e-01 2.20387030e+15
1.04509490e-01 -3.01134597e-02 -9.94067878e-01 7.90776181e+14 -5.25791040e-01 -8.50101176e-01 -2.95258166e-02 2.72554939e+14 -8.44169147e-01 5.25757711e-01 -1.04677027e-01 2.20387030e+15
1.05092588e-01 -2.80119355e-02 -9.94067844e-01 7.90776181e+14 -5.28103354e-01 -8.48580015e-01 -3.19187265e-02 2.72554939e+14 -8.42652001e-01 5.28324985e-01 -1.03972667e-01 2.20387030e+15
1.06787874e-01 -2.13803113e-02 -9.94051926e-01 7.90776181e+14 -5.27014933e-01 -8.48990066e-01 -3.83552725e-02 2.72554939e+14 -8.43120163e-01 5.27976088e-01 -1.01929588e-01 2.20387030e+15
1.09813965e-01 -1.25038346e-02 -9.93873507e-01 7.90776181e+14 -5.25278959e-01 -8.49611691e-01 -4.73496485e-02 2.72554939e+14 -8.43814499e-01 5.27260494e-01 -9.98672297e-02 2.20387030e+15
1.14105195e-01 -6.82015889e-03 -9.93445263e-01 7.90776181e+14 -5.25786881e-01 -8.48864539e-01 -5.45632712e-02 2.72554939e+14 -8.42928325e-01 5.28566439e-01 -1.00445803e-01 2.20387030e+15
4.68854705e-01 -5.63155430e-01 6.80463980e-01 4.45137719e+14 1.41888501e-01 8.08402277e-01 5.71273501e-01 -4.63073506e+13 -8.71804404e-01 -1.71294254e-01 4.58928491e-01 4.37101560e+15
8.42784883e-02 7.09493964e-01 -6.99653809e-01 1.04183086e+16 8.80435599e-01 -3.81827296e-01 -2.81142442e-01 1.46156852e+15 -4.66615788e-01 -5.92305860e-01 -6.56843570e-01 2.52904320e+16
8.50798911e-02 7.07899586e-01 -7.01170157e-01 1.04183086e+16 8.81415649e-01 -3.81623083e-01 -2.78334828e-01 1.46156852e+15 -4.64615826e-01 -5.94341652e-01 -6.56422223e-01 2.52904320e+16
8.24611718e-02 7.08930612e-01 -7.00440963e-01 1.04183086e+16 8.82358625e-01 -3.78668579e-01 -2.79380321e-01 1.46156852e+15 -4.63296246e-01 -5.95002096e-01 -6.56756495e-01 2.52904320e+16
4.10593470e-01 -1.64733632e-01 -8.96814269e-01 9.38072446e+01 5.72618726e-02 9.86261805e-01 -1.54947510e-01 3.14414131e+01 9.10018725e-01 1.22671713e-02 4.14385613e-01 1.10601001e+01
4.11162781e-01 -1.65909864e-01 -8.96336479e-01 9.68296335e+01 5.98058315e-02 9.86088575e-01 -1.55088957e-01 3.19845765e+01 9.09597950e-01 1.01606583e-02 4.15365299e-01 9.67728341e+00
4.12108044e-01 -1.64941404e-01 -8.96081075e-01 1.03742860e+02 6.06635196e-02 9.86262690e-01 -1.53641933e-01 3.32429659e+01 9.09113248e-01 8.95764457e-03 4.16452714e-01 6.58543034e+00
-5.93722333e-02 -9.62066218e-02 -9.93589062e-01 3.33588552e+15 6.60443825e-01 7.42570884e-01 -1.11366223e-01 6.25447658e+14 7.48524476e-01 -6.62821822e-01 1.94509776e-02 1.08405658e+16
-5.70301909e-02 -9.57894522e-02 -9.93766541e-01 3.33588552e+15 6.59383498e-01 7.43784677e-01 -1.09534271e-01 6.25447658e+14 7.49640554e-01 -6.61520019e-01 2.07438020e-02 1.08405658e+16
7.16402872e-01 -2.38815365e-01 -6.55541109e-01 1.03418935e+14 -4.36359604e-01 -8.86510448e-01 -1.53914004e-01 -1.26061087e+13 -5.44387013e-01 3.96316093e-01 -7.39308010e-01 8.87077467e+14
7.18606831e-01 -2.41261252e-01 -6.52224831e-01 1.03418935e+14 -4.36231312e-01 -8.86801082e-01 -1.52597780e-01 -1.26061087e+13 -5.41577755e-01 3.94178701e-01 -7.42507029e-01 8.87077467e+14
7.18935640e-01 -2.40904778e-01 -6.51994197e-01 1.03418935e+14 -4.35349558e-01 -8.87302791e-01 -1.52198948e-01 -1.26061087e+13 -5.41850817e-01 3.93266633e-01 -7.42791389e-01 8.87077467e+14
7.18226297e-01 -2.40858504e-01 -6.52792591e-01 1.03418935e+14 -4.35448544e-01 -8.87340038e-01 -1.51697802e-01 -1.26061087e+13 -5.42711297e-01 3.93210934e-01 -7.42192434e-01 8.87077467e+14
7.17487600e-01 -2.39245932e-01 -6.54196399e-01 1.03418935e+14 -4.35605432e-01 -8.86974912e-01 -1.53373446e-01 -1.26061087e+13 -5.43561820e-01 3.95015050e-01 -7.40610328e-01 8.87077467e+14
7.16723034e-01 -2.39056434e-01 -6.55103133e-01 1.03418935e+14 -4.36563456e-01 -8.86363766e-01 -1.54180492e-01 -1.26061087e+13 -5.43801841e-01 3.96498798e-01 -7.39640630e-01 8.87077467e+14
7.15812522e-01 -2.39712888e-01 -6.55858342e-01 1.03418935e+14 -4.37032861e-01 -8.86331138e-01 -1.53033959e-01 -1.26061087e+13 -5.44623458e-01 3.96175272e-01 -7.39209337e-01 8.87077467e+14
7.15957380e-01 -2.38696950e-01 -6.56070725e-01 1.03418935e+14 -4.35655048e-01 -8.87070001e-01 -1.52681013e-01 -1.26061087e+13 -5.45536167e-01 3.95133621e-01 -7.39093845e-01 8.87077467e+14
7.16264121e-01 -2.38012405e-01 -6.55984607e-01 1.03418935e+14 -4.34878629e-01 -8.87420874e-01 -1.52855389e-01 -1.26061087e+13 -5.45752955e-01 3.94758517e-01 -7.39134240e-01 8.87077467e+14
7.17611119e-01 -2.38641657e-01 -6.54281623e-01 1.03418935e+14 -4.34547979e-01 -8.87579532e-01 -1.52874554e-01 -1.26061087e+13 -5.44244739e-01 3.94021236e-01 -7.40638191e-01 8.87077467e+14
7.17546186e-01 -2.38757971e-01 -6.54310402e-01 1.03418935e+14 -4.34870916e-01 -8.87383780e-01 -1.53092502e-01 -1.26061087e+13 -5.44072382e-01 3.94391505e-01 -7.40567744e-01 8.87077467e+14
7.17409672e-01 -2.39450648e-01 -6.54206962e-01 1.03418935e+14 -4.35461746e-01 -8.87140394e-01 -1.52823392e-01 -1.26061087e+13 -5.43779762e-01 3.94519086e-01 -7.40714696e-01 8.87077467e+14
7.18152825e-01 -2.39605017e-01 -6.53334490e-01 1.03418935e+14 -4.34433701e-01 -8.87795420e-01 -1.51942924e-01 -1.26061087e+13 -5.43621081e-01 3.92948760e-01 -7.41665283e-01 8.87077467e+14
7.20808464e-01 -2.39802414e-01 -6.50330655e-01 1.03418935e+14 -4.32543098e-01 -8.88759888e-01 -1.51698154e-01 -1.26061087e+13 -5.41610216e-01 3.90641350e-01 -7.44350528e-01 8.87077467e+14
7.21027149e-01 -2.39364332e-01 -6.50249619e-01 1.03418935e+14 -4.32184392e-01 -8.88879471e-01 -1.52019526e-01 -1.26061087e+13 -5.41605486e-01 3.90637942e-01 -7.44355759e-01 8.87077467e+14
7.21309538e-01 -2.38794502e-01 -6.50145934e-01 1.03418935e+14 -4.31944748e-01 -8.88871115e-01 -1.52747754e-01 -1.26061087e+13 -5.41420618e-01 3.91005533e-01 -7.44297244e-01 8.87077467e+14
-3.63552813e-01 -8.92653300e-01 2.66457197e-01 -7.00272324e+15 -7.13669751e-01 8.30380475e-02 -6.95543075e-01 8.42660002e+14 5.98752736e-01 -4.43029083e-01 -6.67248374e-01 1.42767875e+16
-3.66461157e-01 -8.91122449e-01 2.67594847e-01 -7.00272324e+15 -7.13047966e-01 8.42173626e-02 -6.96038816e-01 8.42660002e+14 5.97719682e-01 -4.45879151e-01 -6.66275442e-01 1.42767875e+16
-3.66293015e-01 -8.91216715e-01 2.67511110e-01 -7.00272324e+15 -7.13355514e-01 8.43657370e-02 -6.95705636e-01 8.42660002e+14 5.97455720e-01 -4.45662641e-01 -6.66656938e-01 1.42767875e+16
-3.65668905e-01 -8.91344434e-01 2.67939083e-01 -7.00272324e+15 -7.13401376e-01 8.35224923e-02 -6.95760354e-01 8.42660002e+14 5.97783179e-01 -4.45566037e-01 -6.66427924e-01 1.42767875e+16
-3.65035404e-01 -8.91405637e-01 2.68598481e-01 -7.00272324e+15 -7.13331764e-01 8.24049291e-02 -6.95964957e-01 8.42660002e+14 5.98253247e-01 -4.45651678e-01 -6.65948672e-01 1.42767875e+16
-3.65400734e-01 -8.91369564e-01 2.68221184e-01 -7.00272324e+15 -7.13591226e-01 8.32104799e-02 -6.95603032e-01 8.42660002e+14 5.97720558e-01 -4.45574142e-01 -6.66478671e-01 1.42767875e+16
-6.56769307e-01 -3.46630534e-01 6.69702435e-01 2.46677135e+28 1.98404443e-01 -9.36231680e-01 -2.90010203e-01 6.05438103e+27 7.27523027e-01 -5.75978610e-02 6.83661270e-01 4.78330520e+28
-6.55009884e-01 -3.46412799e-01 6.71535721e-01 2.46677135e+28 1.96914366e-01 -9.36268070e-01 -2.90906917e-01 6.05438103e+27 7.29511333e-01 -5.83118757e-02 6.81478496e-01 4.78330520e+28
-6.54858167e-01 -3.46400055e-01 6.71690243e-01 2.46677135e+28 1.97443984e-01 -9.36320850e-01 -2.90377580e-01 6.05438103e+27 7.29504389e-01 -5.75349321e-02 6.81551962e-01 4.78330520e+28
-6.54547591e-01 -3.47461811e-01 6.71444518e-01 2.46677135e+28 1.98442623e-01 -9.35950423e-01 -2.90890584e-01 6.05438103e+27 7.29512149e-01 -5.71585197e-02 6.81575328e-01 4.78330520e+28
-6.55590521e-01 -3.47825479e-01 6.70237648e-01 2.46677135e+28 1.98275406e-01 -9.35743410e-01 -2.91669565e-01 6.05438103e+27 7.28620568e-01 -5.83241603e-02 6.82429748e-01 4.78330520e+28
-6.55652012e-01 -3.47081184e-01 6.70563263e-01 2.46677135e+28 1.97380207e-01 -9.35993061e-01 -2.91475631e-01 6.05438103e+27 7.28808269e-01 -5.87506682e-02 6.82192690e-01 4.78330520e+28
-6.56743962e-01 -3.45975705e-01 6.70065803e-01 2.46677135e+28 1.96672045e-01 -9.36377453e-01 -2.90718717e-01 6.05438103e+27 7.28016123e-01 -5.91445506e-02 6.83003988e-01 4.78330520e+28
-6.56616652e-01 -3.45626280e-01 6.70370828e-01 2.46677135e+28 1.96872052e-01 -9.36549450e-01 -2.90028484e-01 6.05438103e+27 7.28076896e-01 -5.84602517e-02 6.82998120e-01 4.78330520e+28
-6.54660100e-01 -3.46875651e-01 6.71637876e-01 2.46677135e+28 1.97157030e-01 -9.36098949e-01 -2.91286567e-01 6.05438103e+27 7.29759727e-01 -5.82755637e-02 6.81215604e-01 4.78330520e+28
2.40555999e-01 -3.11369383e-01 -9.19337761e-01 7.17750271e+01 5.06581749e-01 -7.67647035e-01 3.92546763e-01 -8.32176682e+01 -8.27953950e-01 -5.60149209e-01 -2.69280527e-02 1.66719145e+02
2.38670269e-01 -3.11508809e-01 -9.19781911e-01 7.61685495e+01 5.07121415e-01 -7.67766383e-01 3.91615439e-01 -8.53573096e+01 -8.28169290e-01 -5.59908066e-01 -2.52702212e-02 1.67223729e+02
2.39254450e-01 -3.10424357e-01 -9.19996754e-01 8.06928739e+01 5.05622913e-01 -7.69071511e-01 3.90991664e-01 -8.72719721e+01 -8.28916629e-01 -5.58717934e-01 -2.70461132e-02 1.67240050e+02
2.40360173e-01 -3.10800914e-01 -9.19581306e-01 8.52572458e+01 5.02936147e-01 -7.70401164e-01 3.91838332e-01 -8.94291809e+01 -8.30230220e-01 -5.56673009e-01 -2.88607429e-02 1.67634336e+02
