1.00000000e+00 0.00000000e+00 0.00000000e+00 0.00000000e+00 0.00000000e+00 1.00000000e+00 0.00000000e+00 0.00000000e+00 0.00000000e+00 0.00000000e+00 1.00000000e+00 0.00000000e+00
9.99998030e-01 -1.53298004e-03 1.26074371e-03 -1.88397747e-02 1.53595739e-03 9.99996026e-01 -2.36401527e-03 5.00334413e-02 -1.25711471e-03 2.36594706e-03 9.99996411e-01 -9.98569836e-01
9.99983504e-01 -5.21749941e-03 2.40176206e-03 2.10830024e-03 5.22206177e-03 9.99984565e-01 -1.89725184e-03 7.14601321e-02 -2.39182608e-03 1.90976270e-03 9.99995316e-01 -2.07275503e+00
9.99988319e-01 -4.77275857e-03 7.63241426e-04 7.84954610e-02 4.77322072e-03 9.99988425e-01 -6.04849273e-04 3.72830598e-02 -7.60345792e-04 6.08485327e-04 9.99999526e-01 -3.19581759e+00
9.99965401e-01 -7.04453085e-03 4.42406248e-03 -9.55497483e-02 7.04177149e-03 9.99975002e-01 6.38984611e-04 1.62668710e-02 -4.42845324e-03 -6.07809265e-04 9.99990010e-01 -4.34527475e+00
9.99965796e-01 -7.47731608e-03 3.53516703e-03 -5.65877317e-02 7.47358931e-03 9.99971504e-01 1.06623637e-03 4.50155384e-02 -3.54303888e-03 -1.03977951e-03 9.99993183e-01 -5.53138290e+00
9.99970610e-01 -7.59128474e-03 1.07281311e-03 8.44334677e-02 7.59129732e-03 9.99971186e-01 -7.65700904e-06 9.99834768e-02 -1.07272407e-03 1.58008273e-05 9.99999425e-01 -6.72463492e+00
9.99951889e-01 -9.32409609e-03 -3.04643710e-03 3.13539190e-01 9.31490133e-03 9.99952059e-01 -3.01857850e-03 1.46955412e-01 3.07443657e-03 2.99005601e-03 9.99990804e-01 -7.91421219e+00
9.99933310e-01 -9.91813189e-03 -5.91667764e-03 3.83826303e-01 9.87909705e-03 9.99929481e-01 -6.59056848e-03 1.55569284e-01 5.98162653e-03 6.53167752e-03 9.99960778e-01 -9.13211139e+00
9.99936823e-01 -8.82468441e-03 -6.96237978e-03 3.85073359e-01 8.75117685e-03 9.99906384e-01 -1.05185740e-02 2.14473760e-01 7.05455109e-03 1.04569804e-02 9.99920439e-01 -1.03580364e+01
9.99926511e-01 -9.45849648e-03 -7.58346768e-03 4.05308882e-01 9.36239801e-03 9.99876672e-01 -1.26090081e-02 3.03670853e-01 7.70179468e-03 1.25370820e-02 9.99891746e-01 -1.15885504e+01
9.99893981e-01 -1.05438365e-02 -1.00426526e-02 5.01256604e-01 1.04202639e-02 9.99870318e-01 -1.22786246e-02 3.41255942e-01 1.01708141e-02 1.21726757e-02 9.99874182e-01 -1.28250121e+01
9.99883101e-01 -1.13430929e-02 -1.02527431e-02 4.42026606e-01 1.12402750e-02 9.99886512e-01 -1.00309268e-02 4.12474194e-01 1.03653613e-02 9.91451058e-03 9.99897126e-01 -1.40682275e+01
9.99879189e-01 -1.08745761e-02 -1.11063602e-02 4.92242703e-01 1.07947071e-02 9.99915625e-01 -7.22609301e-03 4.32061894e-01 1.11840038e-02 7.10533012e-03 9.99912212e-01 -1.53172562e+01
9.99878591e-01 -8.88971049e-03 -1.27975339e-02 5.39400835e-01 8.81630038e-03 9.99944423e-01 -5.78130369e-03 4.68438760e-01 1.28482167e-02 5.66777489e-03 9.99901395e-01 -1.65692441e+01
9.99876026e-01 -5.19040895e-03 -1.48658427e-02 5.49243171e-01 5.14059167e-03 9.99981050e-01 -3.38737754e-03 4.97549090e-01 1.48831429e-02 3.31053836e-03 9.99883759e-01 -1.78241092e+01
9.99855873e-01 -3.09852275e-03 -1.66923128e-02 5.69459385e-01 3.06143979e-03 9.99992790e-01 -2.24665460e-03 5.32858902e-01 1.66991538e-02 2.19522829e-03 9.99858150e-01 -1.90809258e+01
9.99789505e-01 -7.40356777e-03 -1.91345842e-02 6.62166582e-01 7.40005273e-03 9.99972587e-01 -2.54500378e-04 5.36674017e-01 1.91359438e-02 1.12849875e-04 9.99816885e-01 -2.03376784e+01
9.99714039e-01 -1.16588689e-02 -2.08784913e-02 6.50022798e-01 1.16615768e-02 9.99932001e-01 7.94878404e-06 5.90796064e-01 2.08769789e-02 -2.51422642e-04 9.99782021e-01 -2.15984998e+01
9.99621610e-01 -1.21011752e-02 -2.47022117e-02 7.19314661e-01 1.20736145e-02 9.99926312e-01 -1.26456415e-03 6.30168987e-01 2.47156941e-02 9.65840668e-04 9.99694054e-01 -2.28593651e+01
9.99550947e-01 -7.96915471e-03 -2.88859422e-02 9.50561860e-01 7.92266364e-03 9.99967130e-01 -1.72356566e-03 6.95556022e-01 2.88987281e-02 1.49393808e-03 9.99581228e-01 -2.41013855e+01
9.99488062e-01 -3.52655221e-03 -3.17990190e-02 1.07739914e+00 3.50359640e-03 9.99993560e-01 -7.77593864e-04 6.43094875e-01 3.18015565e-02 6.65784855e-04 9.99493981e-01 -2.53615227e+01
9.99424023e-01 3.20437266e-04 -3.39340605e-02 1.14044681e+00 -3.88414266e-04 9.99997931e-01 -1.99663536e-03 6.69075050e-01 3.39333505e-02 2.00866581e-03 9.99422079e-01 -2.66300763e+01
9.82305023e-01 -1.87255708e-01 -3.48441558e-03 2.25831538e-01 1.86654711e-01 9.80342221e-01 -6.39464495e-02 9.95560675e-01 1.53902574e-02 6.21645359e-02 9.97947248e-01 9.30856539e+00
9.82156656e-01 -1.87984413e-01 -5.49205614e-03 2.42780332e-01 1.87273297e-01 9.80283022e-01 -6.30389542e-02 1.12085931e+00 1.72341102e-02 6.08856130e-02 9.97995956e-01 8.05073625e+00
9.81965182e-01 -1.88915184e-01 -7.44538638e-03 1.91352386e-01 1.88111675e-01 9.80215430e-01 -6.15768585e-02 1.21791929e+00 1.89308862e-02 5.90657670e-02 9.98074575e-01 6.78173631e+00
9.81492707e-01 -1.91247321e-01 -9.82489989e-03 1.80038213e-01 1.90317640e-01 9.79841836e-01 -6.07385572e-02 1.32119263e+00 2.12429343e-02 5.77445991e-02 9.98105355e-01 5.50528168e+00
9.80876954e-01 -1.94299007e-01 -1.13267798e-02 2.01787076e-01 1.93288474e-01 9.79289021e-01 -6.02708747e-02 1.46199827e+00 2.28027622e-02 5.69289761e-02 9.98117792e-01 4.22503933e+00
9.80440919e-01 -1.96457385e-01 -1.18364015e-02 2.09659953e-01 1.95458139e-01 9.78972156e-01 -5.83920678e-02 1.57827003e+00 2.30590605e-02 5.49364516e-02 9.98223555e-01 2.93616253e+00
9.80526771e-01 -1.95807103e-01 -1.50608375e-02 3.83209500e-01 1.94686531e-01 9.79247292e-01 -5.63195912e-02 1.68708032e+00 2.57760604e-02 5.22907247e-02 9.98299191e-01 1.65523058e+00
9.65013455e-01 2.61453389e-01 -1.97776906e-02 7.41775321e-01 -2.60879275e-01 9.64978296e-01 2.75479881e-02 -3.32936747e-01 2.62875570e-02 -2.14245895e-02 9.99424810e-01 -2.66256695e+01
9.64847637e-01 2.62004903e-01 -2.05540223e-02 6.95391286e-01 -2.61392314e-01 9.64816097e-01 2.83541368e-02 -2.24251813e-01 2.72597745e-02 -2.19847584e-02 9.99386599e-01 -2.79075926e+01
9.65117861e-01 2.60849114e-01 -2.24778478e-02 7.65815056e-01 -2.60152363e-01 9.65107682e-01 2.97978333e-02 -2.62635489e-01 2.94662820e-02 -2.29107559e-02 9.99303175e-01 -2.91984995e+01
9.66112233e-01 2.57468479e-01 -1.83612739e-02 -1.29773328e-01 -2.56852197e-01 9.65970998e-01 3.04463487e-02 3.09343805e-01 2.55754332e-02 -2.46984563e-02 9.99367742e-01 -2.99458025e+01
9.66067169e-01 2.57503394e-01 -2.01550749e-02 -3.26286206e-02 -2.56785328e-01 9.65920411e-01 3.25431137e-02 2.65719933e-01 2.78481605e-02 -2.62633062e-02 9.99267091e-01 -3.12437166e+01
9.66293304e-01 2.56465655e-01 -2.24191403e-02 1.44771489e-01 -2.55629165e-01 9.66158657e-01 3.45134692e-02 2.01350880e-01 3.05119660e-02 -2.76191480e-02 9.99152742e-01 -3.25321868e+01
9.65704633e-01 2.58723644e-01 -2.18320433e-02 3.01335884e-01 -2.57846810e-01 9.65500968e-01 3.63717270e-02 1.06947973e-01 3.04890847e-02 -2.94950225e-02 9.99099825e-01 -3.38206890e+01
9.65739373e-01 2.58812041e-01 -1.90733003e-02 3.76840129e-01 -2.57971649e-01 9.65404568e-01 3.80085428e-02 4.44958585e-02 2.82505198e-02 -3.17859756e-02 9.99095371e-01 -3.51142043e+01
9.65912871e-01 2.58356872e-01 -1.62496558e-02 4.49935412e-01 -2.57581163e-01 9.65467882e-01 3.90347797e-02 -1.01386348e-02 2.57734244e-02 -3.35185910e-02 9.99105717e-01 -3.64045175e+01
9.65888404e-01 2.58655685e-01 -1.25231065e-02 6.54250476e-01 -2.57985376e-01 9.65321130e-01 3.99832679e-02 -1.27842050e-01 2.24307189e-02 -3.53885964e-02 9.99121869e-01 -3.76714344e+01
-2.26299135e-01 8.54189039e-01 4.68134369e-01 -1.32883337e+01 8.54162226e-01 4.05026072e-01 -3.26129994e-01 2.92640212e+00 -4.68183291e-01 3.26059759e-01 -8.21273060e-01 3.40051542e+02
8.31921986e-02 9.41321129e-01 3.27098748e-01 -8.50110536e+00 9.38878059e-01 3.59911971e-02 -3.42363292e-01 7.33004780e+00 -3.34046476e-01 3.35587793e-01 -8.80791567e-01 2.07056508e+02
-2.15214452e-01 8.73392274e-01 4.36885197e-01 -8.10127599e+00 8.64951420e-01 3.78167075e-01 -3.29922270e-01 3.63312530e+00 -4.53367159e-01 3.06880431e-01 -8.36828907e-01 3.34863826e+02
-2.18526154e-01 8.77119477e-01 4.27677148e-01 -5.84440116e+00 8.65322005e-01 3.76763514e-01 -3.30555717e-01 4.27071280e+00 -4.51070003e-01 2.97843378e-01 -8.41323466e-01 3.27195520e+02
-1.56021947e-01 8.62238614e-01 4.81873142e-01 3.95613657e-01 8.28839174e-01 3.79650596e-01 -4.10963562e-01 3.65418668e+00 -5.37292077e-01 3.35276002e-01 -7.73890965e-01 4.32169438e+02
-1.97987597e-01 8.92297113e-01 4.05717604e-01 1.52067475e+00 8.76369826e-01 3.46542780e-01 -3.34490701e-01 5.31565833e+00 -4.39063593e-01 2.89333656e-01 -8.50593438e-01 3.20784372e+02
-1.06099738e-01 9.30878847e-01 3.49581775e-01 4.94175348e+00 9.10408433e-01 2.32321392e-01 -3.42320400e-01 7.15548836e+00 -3.99874144e-01 2.81942091e-01 -8.72129191e-01 2.73734173e+02
-7.00749919e-02 9.42103558e-01 3.27918256e-01 1.08317625e+01 9.13318117e-01 1.92793901e-01 -3.58720684e-01 7.63192854e+00 -4.01172672e-01 2.74356335e-01 -8.73950278e-01 2.74798331e+02
-2.16520520e-01 -9.70213128e-01 1.08652429e-01 5.86573309e+01 5.46194509e-01 -2.12628512e-01 -8.10222608e-01 1.73730014e+01 8.09191215e-01 -1.16084460e-01 5.75963519e-01 5.32049921e+02
-4.51466581e-01 7.80037288e-01 4.33266380e-01 4.06594714e+01 7.29463210e-01 6.02290607e-01 -3.24236719e-01 2.38910892e+00 -5.13869002e-01 1.69669841e-01 -8.40922585e-01 4.29600243e+02
-4.66047153e-01 7.83941296e-01 4.10165937e-01 4.01505455e+01 7.29754696e-01 6.02717553e-01 -3.22784193e-01 2.72952286e+00 -5.00258068e-01 1.48887865e-01 -8.52979642e-01 4.30719943e+02
-4.66047153e-01 7.83941296e-01 4.10165937e-01 4.01505455e+01 7.29754696e-01 6.02717553e-01 -3.22784193e-01 2.72952286e+00 -5.00258068e-01 1.48887865e-01 -8.52979642e-01 4.30719943e+02
-4.82036638e-01 7.88774875e-01 3.81411688e-01 3.96593408e+01 7.31535456e-01 6.01911726e-01 -3.20247015e-01 3.11064559e+00 -4.82178967e-01 1.24645378e-01 -8.67160293e-01 4.31826119e+02
-4.99604636e-01 7.93108958e-01 3.48386837e-01 3.90829930e+01 7.33344010e-01 6.01306810e-01 -3.17232852e-01 3.57477865e+00 -4.61087594e-01 9.69963961e-02 -8.82037374e-01 4.32848528e+02
2.96558710e-01 9.20365752e-01 2.54911384e-01 1.37918766e+02 -8.12630558e-01 3.83405129e-01 -4.38898717e-01 2.72618102e+01 -5.01681679e-01 -7.69895431e-02 8.61619465e-01 6.31280503e+02
2.75676893e-01 9.15272728e-01 2.93731314e-01 1.37600891e+02 -8.09661703e-01 3.85802156e-01 -4.42272114e-01 2.78033135e+01 -5.18121778e-01 -1.15898794e-01 8.47418015e-01 6.30194434e+02
2.55484334e-01 9.07769624e-01 3.32689141e-01 1.37388479e+02 -8.06267112e-01 3.89944533e-01 -4.44833233e-01 2.83479265e+01 -5.33536408e-01 -1.54588391e-01 8.31529513e-01 6.29096965e+02
2.30296556e-01 8.99861814e-01 3.70421668e-01 1.37030386e+02 -8.03723568e-01 3.90493572e-01 -4.48935627e-01 2.87881165e+01 -5.48627308e-01 -1.94328296e-01 8.13169472e-01 6.28000981e+02
2.04209218e-01 8.89491032e-01 4.08783927e-01 1.36646073e+02 -7.99867863e-01 3.92355715e-01 -4.54167806e-01 2.92194387e+01 -5.64366900e-01 -2.34227873e-01 7.91597944e-01 6.26914083e+02
1.78070364e-01 8.75946240e-01 4.48340418e-01 1.36240475e+02 -7.95758008e-01 3.96204732e-01 -4.58029478e-01 2.97617551e+01 -5.78843794e-01 -2.75209002e-01 7.67593556e-01 6.25888172e+02
1.49814290e-01 8.58045450e-01 4.91236892e-01 1.35729695e+02 -7.92875137e-01 4.01088829e-01 -4.58777472e-01 3.04507753e+01 -5.90681552e-01 -3.20758097e-01 7.40411742e-01 6.25006728e+02
1.20774461e-01 8.39424946e-01 5.29886111e-01 1.35144036e+02 -7.91313488e-01 4.03707236e-01 -4.59176907e-01 3.08909544e+01 -5.99363407e-01 -3.63849183e-01 7.13005805e-01 6.24017924e+02
9.17980167e-02 8.17419326e-01 5.68681606e-01 1.34477808e+02 -7.90920725e-01 4.06825824e-01 -4.57096439e-01 3.13301819e+01 -6.04993827e-01 -4.07821522e-01 6.83859690e-01 6.23086211e+02
5.85080901e-02 7.91373119e-01 6.08527230e-01 1.33807025e+02 -7.89700659e-01 4.09591799e-01 -4.56735621e-01 3.19194089e+01 -6.10696056e-01 -4.53831626e-01 6.48912308e-01 6.22246101e+02
2.54569228e-02 7.62164300e-01 6.46882930e-01 1.33087443e+02 -7.87728200e-01 4.13706218e-01 -4.56433399e-01 3.24909255e+01 -6.15496733e-01 -4.97948536e-01 6.10909999e-01 6.21440488e+02
-8.11541673e-03 7.33529946e-01 6.79608680e-01 1.32314913e+02 -7.86689707e-01 4.14863458e-01 -4.57173508e-01 3.29570977e+01 -6.17295266e-01 -5.38351307e-01 5.73693668e-01 6.20625577e+02
-4.13882474e-02 7.03684581e-01 7.09306015e-01 1.31506130e+02 -7.86520520e-01 4.14860940e-01 -4.57466799e-01 3.33846020e+01 -6.16175693e-01 -5.76817485e-01 5.36291995e-01 6.19829882e+02
-7.67627746e-02 6.72464738e-01 7.36137658e-01 1.30652235e+02 -7.85883995e-01 4.13556744e-01 -4.59735974e-01 3.38320416e+01 -6.13590925e-01 -6.13809413e-01 4.96733512e-01 6.19103468e+02
-1.09758295e-01 6.40311460e-01 7.60233090e-01 1.29801888e+02 -7.84341106e-01 4.14019157e-01 -4.61949313e-01 3.42475690e+01 -6.10542502e-01 -6.46984832e-01 4.56780561e-01 6.18360871e+02
-3.20071716e-01 3.77263077e-01 8.69037782e-01 1.00297686e+02 -7.52196461e-01 4.56486077e-01 -4.75206214e-01 4.40603618e+01 -5.75981407e-01 -8.05787212e-01 1.37667669e-01 5.78094463e+02
-4.40324839e-01 1.77460696e-01 8.80125978e-01 8.91727957e+01 -7.14203656e-01 5.24806835e-01 -4.63131649e-01 6.65610930e+01 -5.44083793e-01 -8.32517560e-01 -1.04342407e-01 5.23420540e+02
-4.88813232e-01 1.03523921e-01 8.66224233e-01 1.11670009e+02 -7.15075794e-01 5.21233803e-01 -4.65813194e-01 6.58711037e+01 -4.99728159e-01 -8.47111634e-01 -1.80758529e-01 4.94234160e+02
-5.29973956e-01 3.29709975e-02 8.47372716e-01 1.32965407e+02 -7.14236352e-01 5.21330804e-01 -4.66991035e-01 6.59243164e+01 -4.57158659e-01 -8.52717483e-01 -2.52742663e-01 4.67157222e+02
-5.66093801e-01 -4.34159170e-02 8.23196736e-01 1.49806971e+02 -7.20031909e-01 5.12255342e-01 -4.68133009e-01 6.39843838e+01 -4.01362502e-01 -8.57735112e-01 -3.21245419e-01 4.33388018e+02
-5.95774613e-01 -1.25475829e-01 7.93289623e-01 1.60855000e+02 -7.24901295e-01 5.09263641e-01 -4.63862756e-01 6.03774457e+01 -3.45789998e-01 -8.51414329e-01 -3.94363940e-01 3.95600558e+02
-5.99496609e-01 -1.41999306e-01 7.87680146e-01 1.95060868e+02 -7.30633767e-01 4.98884137e-01 -4.66142591e-01 5.27386925e+01 -3.26769206e-01 -8.54956615e-01 -4.02828837e-01 3.88530137e+02
-5.98236803e-01 -1.09015922e-01 7.93869169e-01 2.47680827e+02 -7.17521363e-01 5.13949491e-01 -4.70126594e-01 5.41394518e+01 -3.56757372e-01 -8.50865118e-01 -3.85684753e-01 4.02175405e+02
-6.15426424e-01 -1.59392231e-01 7.71909602e-01 2.60854424e+02 -7.20832117e-01 5.09965031e-01 -4.69400390e-01 5.24878197e+01 -3.18828128e-01 -8.45298636e-01 -4.28740994e-01 3.74682760e+02
-6.14730824e-01 -1.65407160e-01 7.71198084e-01 2.90033769e+02 -7.34597184e-01 4.76073216e-01 -4.83447277e-01 3.89358388e+01 -2.87181111e-01 -8.63709884e-01 -4.14164514e-01 3.55241397e+02
-6.41062731e-01 -2.24047552e-01 7.34058083e-01 2.90157924e+02 -7.15441362e-01 5.20664609e-01 -4.65888423e-01 6.04933972e+01 -2.77816904e-01 -8.23839219e-01 -4.94071562e-01 3.70031855e+02
-6.45566252e-01 -2.58104617e-01 7.18767154e-01 2.96003145e+02 -7.21965021e-01 5.13135801e-01 -4.64174707e-01 5.95480584e+01 -2.49019524e-01 -8.18580269e-01 -5.17605661e-01 3.46816482e+02
-6.44406984e-01 -2.69884906e-01 7.15473114e-01 3.06550758e+02 -7.24919318e-01 5.13396822e-01 -4.59255578e-01 5.89848179e+01 -2.43375475e-01 -8.14607783e-01 -5.26481279e-01 3.28508409e+02
-6.49227082e-01 -2.90149980e-01 7.03076941e-01 3.05967845e+02 -7.23655548e-01 5.20210103e-01 -4.53546134e-01 5.86105205e+01 -2.34151326e-01 -8.03239963e-01 -5.47703130e-01 3.18488940e+02
-6.55027336e-01 -2.95511753e-01 6.95422169e-01 3.08233508e+02 -7.22082311e-01 5.15905475e-01 -4.60910704e-01 5.22694914e+01 -2.22567574e-01 -8.04061157e-01 -5.51315999e-01 3.03203580e+02
-6.52131726e-01 -2.92252690e-01 6.99508811e-01 3.13669097e+02 -7.22635212e-01 5.18574113e-01 -4.57033083e-01 5.69706671e+01 -2.29178013e-01 -8.03535471e-01 -5.49370717e-01 2.99412209e+02
-6.60496049e-01 -2.87223450e-01 6.93720159e-01 3.13456423e+02 -7.17503037e-01 5.13665043e-01 -4.70465318e-01 5.24954067e+01 -2.21211124e-01 -8.08486805e-01 -5.45357429e-01 2.86291747e+02
-6.66530777e-01 -2.53559698e-01 7.01030815e-01 3.27555712e+02 -7.03667286e-01 5.24495120e-01 -4.79329969e-01 5.09909587e+01 -2.46148479e-01 -8.12780628e-01 -5.28013804e-01 2.99075745e+02
-6.62732057e-01 -2.68944392e-01 6.98895654e-01 3.15048559e+02 -7.10788816e-01 5.19691131e-01 -4.74025724e-01 5.26881008e+01 -2.35723313e-01 -8.10919257e-01 -5.35578638e-01 2.77334275e+02
-6.66208373e-01 -2.67411506e-01 6.96173463e-01 3.10841487e+02 -7.08464433e-01 5.18471090e-01 -4.78817163e-01 5.14276063e+01 -2.32904596e-01 -8.12206141e-01 -5.34861322e-01 2.66404953e+02
-6.66090287e-01 -2.70481974e-01 6.95099440e-01 3.07183057e+02 -7.09167608e-01 5.18406223e-01 -4.77845468e-01 5.66340797e+01 -2.31095290e-01 -8.11230232e-01 -5.37122404e-01 2.58574674e+02
-6.64647631e-01 -2.69095937e-01 6.97015712e-01 3.06349145e+02 -7.11571645e-01 5.12451638e-01 -4.80686086e-01 6.10521334e+01 -2.27836170e-01 -8.15463485e-01 -5.32080806e-01 2.44201927e+02
-6.65546612e-01 -2.98071449e-01 6.84252233e-01 2.91743723e+02 -7.18348215e-01 5.04618428e-01 -4.78890471e-01 6.58799582e+01 -2.02542709e-01 -8.10255301e-01 -5.49966179e-01 2.25329694e+02
-6.63713562e-01 -3.26914859e-01 6.72763690e-01 2.76465020e+02 -7.24057546e-01 5.06485811e-01 -4.68201659e-01 7.38560740e+01 -1.87683184e-01 -7.97871417e-01 -5.72866672e-01 2.00100306e+02
-6.52770525e-01 -2.86369436e-01 7.01343844e-01 3.06553211e+02 -7.22291641e-01 5.14447180e-01 -4.62210865e-01 7.40686340e+01 -2.28441299e-01 -8.08292425e-01 -5.42658206e-01 2.26730268e+02
-6.53108737e-01 -2.79159476e-01 7.03931079e-01 2.89569583e+02 -7.27093883e-01 4.90944230e-01 -4.79904416e-01 6.21184039e+01 -2.11621037e-01 -8.25253749e-01 -5.23615113e-01 -1.46135580e+01
-6.59643845e-01 -3.20092345e-01 6.80008006e-01 2.91201004e+02 -7.19191391e-01 5.31569867e-01 -4.47434039e-01 7.63354639e+01 -2.18251554e-01 -7.84203014e-01 -5.80854450e-01 1.87707366e+02
-6.58625145e-01 -2.76179772e-01 6.99955464e-01 3.16612280e+02 -7.11766101e-01 5.30459782e-01 -4.60436137e-01 6.22524984e+01 -2.44135075e-01 -8.01459389e-01 -5.45949551e-01 1.86686225e+02
-6.65673480e-01 -2.95597286e-01 6.85201476e-01 3.05914762e+02 -7.10826036e-01 5.30682401e-01 -4.61630302e-01 5.67440290e+01 -2.27167700e-01 -7.94354099e-01 -5.63379447e-01 1.68853576e+02
-6.46727750e-01 -2.91185744e-01 7.04949700e-01 3.19226967e+02 -7.25456465e-01 5.20205348e-01 -4.50665412e-01 5.59107785e+01 -2.35491260e-01 -8.02868145e-01 -5.47673815e-01 2.04099212e+02
-6.63374867e-01 -3.06998267e-01 6.82411790e-01 3.02903055e+02 -7.14225083e-01 5.31789367e-01 -4.55063292e-01 6.16155383e+01 -2.23195692e-01 -7.89273167e-01 -5.72041563e-01 1.44326933e+02
-6.99303082e-01 -2.51578814e-01 6.69091399e-01 3.23996936e+02 -6.43146714e-01 6.29968441e-01 -4.35318353e-01 1.00225193e+02 -3.11989591e-01 -7.34743400e-01 -6.02340960e-01 1.42947902e+02
-6.54558506e-01 -3.06867028e-01 6.90931103e-01 3.08845856e+02 -7.22356329e-01 5.23505759e-01 -4.51821928e-01 6.82626806e+01 -2.23057159e-01 -7.94842341e-01 -5.64332488e-01 1.22346190e+02
-6.55496939e-01 -3.11770292e-01 6.87839406e-01 3.08012488e+02 -7.23708267e-01 5.19593896e-01 -4.54167950e-01 6.88183587e+01 -2.15801082e-01 -7.95500766e-01 -5.66222946e-01 1.23027804e+02
-6.52487649e-01 -2.94252806e-01 6.98337421e-01 3.21728505e+02 -7.28894690e-01 4.95784158e-01 -4.72134091e-01 5.62684400e+01 -2.07297849e-01 -8.17076101e-01 -5.37972348e-01 8.66073959e+01
-6.53819139e-01 -2.99896554e-01 6.94681646e-01 3.20887475e+02 -7.28491461e-01 4.97631809e-01 -4.70810762e-01 5.68525411e+01 -2.04501159e-01 -8.13894735e-01 -5.43833280e-01 8.72635919e+01
-6.54245516e-01 -3.05490405e-01 6.91836988e-01 3.20025817e+02 -7.28192238e-01 5.01458949e-01 -4.67199087e-01 5.74301803e+01 -2.04203011e-01 -8.09453232e-01 -5.50533010e-01 8.78987477e+01
-6.52897399e-01 -3.10787060e-01 6.90750599e-01 3.19147964e+02 -7.29598145e-01 5.03047281e-01 -4.63281750e-01 5.79810618e+01 -2.03498238e-01 -8.06445805e-01 -5.55187924e-01 8.85504377e+01
-6.71075134e-01 -3.56634744e-01 6.49976787e-01 3.08521600e+02 -7.12166199e-01 5.53803184e-01 -4.31417824e-01 8.01377654e+01 -2.06100629e-01 -7.52405272e-01 -6.25626756e-01 7.07658460e+01
-6.67712865e-01 -3.60960551e-01 6.51050697e-01 3.07704142e+02 -7.15457804e-01 5.52742234e-01 -4.27312712e-01 8.06492142e+01 -2.05620185e-01 -7.51121497e-01 -6.27325144e-01 7.15217217e+01
-6.66299496e-01 -3.63856148e-01 6.50886845e-01 3.06891356e+02 -7.16705962e-01 5.53456079e-01 -4.24286381e-01 8.12105104e+01 -2.05858073e-01 -7.49196284e-01 -6.29545377e-01 7.22478733e+01
-6.64527119e-01 -3.64894084e-01 6.52116565e-01 3.06055649e+02 -7.18397019e-01 5.52170196e-01 -4.23100222e-01 8.17008923e+01 -2.05692564e-01 -7.49640168e-01 -6.29070892e-01 7.30014258e+01
-6.64402788e-01 -3.65967834e-01 6.51641374e-01 3.05234891e+02 -7.18888188e-01 5.51366531e-01 -4.23313976e-01 8.22105073e+01 -2.04373945e-01 -7.49708272e-01 -6.29419413e-01 7.37511083e+01
-5.09594391e-01 6.98655776e-01 -5.02188872e-01 3.39772463e+02 -8.40500464e-01 -2.79366725e-01 4.64233995e-01 -2.23993856e+01 1.84044901e-01 6.58661021e-01 7.29584220e-01 1.27514232e+03
-5.07781420e-01 6.99843007e-01 -5.02372168e-01 3.40400924e+02 -8.41393592e-01 -2.77674927e-01 4.63630734e-01 -2.29879022e+01 1.84972572e-01 6.58115795e-01 7.29841591e-01 1.27427215e+03
-5.03130940e-01 7.01651073e-01 -5.04524557e-01 3.41034580e+02 -8.43842537e-01 -2.72865719e-01 4.62032544e-01 -2.35769729e+01 1.86518174e-01 6.58202151e-01 7.29370207e-01 1.27339646e+03
-4.97942233e-01 7.03278418e-01 -5.07398264e-01 3.41659119e+02 -8.46038024e-01 -2.65458653e-01 4.62332526e-01 -2.41561723e+01 1.90455228e-01 6.59493116e-01 7.27183358e-01 1.27249589e+03
-4.96629050e-01 7.03002040e-01 -5.09065535e-01 3.42291247e+02 -8.46844628e-01 -2.63864936e-01 4.61767768e-01 -2.47482709e+01 1.90299138e-01 6.60426701e-01 7.26376493e-01 1.27160399e+03
-4.96914622e-01 7.02154054e-01 -5.09956413e-01 3.42940492e+02 -8.47635561e-01 -2.66780075e-01 4.58630948e-01 -2.53243747e+01 1.85983370e-01 6.60157614e-01 7.27737666e-01 1.27071861e+03
-4.96301606e-01 7.01413923e-01 -5.11569374e-01 3.43576845e+02 -8.48521581e-01 -2.67320547e-01 4.56673682e-01 -2.58548881e+01 1.83564273e-01 6.60725536e-01 7.27836468e-01 1.26980457e+03
-4.98614457e-01 7.00523205e-01 -5.10539775e-01 3.44229044e+02 -8.47056727e-01 -2.68702594e-01 4.58578038e-01 -2.63856949e+01 1.84061195e-01 6.61109791e-01 7.27361891e-01 1.26891018e+03
-4.98870382e-01 6.98709502e-01 -5.12770293e-01 3.44850363e+02 -8.47040230e-01 -2.67843789e-01 4.59110611e-01 -2.69582605e+01 1.83442609e-01 6.63373753e-01 7.25454391e-01 1.26802913e+03
-4.97860829e-01 6.96390001e-01 -5.16890280e-01 3.45514680e+02 -8.48491604e-01 -2.67809515e-01 4.56442834e-01 -2.75267567e+01 1.79434090e-01 6.65822071e-01 7.24212937e-01 1.26718344e+03
-4.94150309e-01 6.95545758e-01 -5.21566459e-01 3.46186985e+02 -8.51209511e-01 -2.65080418e-01 4.52962185e-01 -2.80256513e+01 1.76798871e-01 6.67793734e-01 7.23044735e-01 1.26629797e+03
-4.91457684e-01 6.92006550e-01 -5.28768645e-01 3.46815843e+02 -8.53444594e-01 -2.61723365e-01 4.50703012e-01 -2.86196208e+01 1.73498327e-01 6.72776200e-01 7.19215208e-01 1.26544039e+03
-4.91191705e-01 6.88514523e-01 -5.33552678e-01 3.47464839e+02 -8.54035397e-01 -2.60190408e-01 4.50471412e-01 -2.91802492e+01 1.71330821e-01 6.76940694e-01 7.15819144e-01 1.26457951e+03
-4.91944604e-01 6.84984533e-01 -5.37388776e-01 3.48126997e+02 -8.53994050e-01 -2.59579843e-01 4.50901839e-01 -2.97130876e+01 1.69365492e-01 6.80745543e-01 7.12671618e-01 1.26371641e+03
-4.94426361e-01 6.80700155e-01 -5.40545903e-01 3.48764854e+02 -8.53060915e-01 -2.60644205e-01 4.52052733e-01 -3.02801307e+01 1.66822208e-01 6.84625370e-01 7.09548063e-01 1.26287298e+03
-4.71025405e-01 6.66931418e-01 -5.77353922e-01 3.47927751e+02 -8.65297298e-01 -2.22117808e-01 4.49359839e-01 -3.57555668e+01 1.71451607e-01 7.11242689e-01 6.81717085e-01 1.22701875e+03
-5.09150200e-01 6.57110352e-01 -5.55852552e-01 3.51807595e+02 -8.46175394e-01 -2.64118259e-01 4.62848515e-01 -3.54139796e+01 1.57331742e-01 7.06008166e-01 6.90506475e-01 1.19009915e+03
-5.15900455e-01 6.29552012e-01 -5.80956956e-01 3.62658566e+02 -8.45045879e-01 -2.62761451e-01 4.65675727e-01 -3.94425421e+01 1.40513998e-01 7.31177601e-01 6.67559085e-01 1.16137153e+03
-4.33229947e-01 6.03837938e-01 -6.69097570e-01 3.63019284e+02 -8.86870311e-01 -1.53376356e-01 4.35817329e-01 -4.87683256e+01 1.60539290e-01 7.82211888e-01 6.01973171e-01 1.12571246e+03
-5.18454734e-01 6.01145943e-01 -6.08135054e-01 3.66243816e+02 -8.24878032e-01 -1.64176037e-01 5.40945896e-01 -9.75339884e+01 2.25346228e-01 7.82093206e-01 5.80989926e-01 1.06447808e+03
-5.53087723e-01 -4.63923768e-02 -8.31830342e-01 6.72917481e+02 -7.91771689e-01 -2.81381815e-01 5.42145614e-01 -6.73865596e+01 -2.59213355e-01 9.58473798e-01 1.18896657e-01 1.34842790e+03
-4.54192316e-01 8.04639472e-01 -3.82445631e-01 1.67094009e+02 -8.29417915e-01 -2.25191687e-01 5.11228546e-01 -3.79192150e+01 3.25231090e-01 5.49403335e-01 7.69662727e-01 8.39027638e+02
-3.00394731e-01 8.86808376e-01 -3.51189279e-01 7.29884693e+01 -9.42506236e-01 -2.19450671e-01 2.52038486e-01 8.70645391e+01 1.46441117e-01 4.06709119e-01 9.01744250e-01 9.21423487e+02
-4.46092710e-01 7.05531047e-01 -5.50660726e-01 2.61891589e+02 -8.55831606e-01 -1.56279122e-01 4.93081229e-01 -6.16048571e+01 2.61827341e-01 6.91232795e-01 6.73530746e-01 8.76334176e+02
-4.02806993e-01 7.75509396e-01 -4.86139592e-01 2.04388631e+02 -8.87260835e-01 -2.00419635e-01 4.15451779e-01 -1.79243625e+01 2.24754839e-01 5.98679502e-01 7.68809545e-01 9.03749532e+02
-4.00609722e-01 7.75350634e-01 -4.88204102e-01 2.04965149e+02 -8.88512693e-01 -1.98633982e-01 4.13629951e-01 -1.84302745e+01 2.23734319e-01 5.99479721e-01 7.68483584e-01 9.02838640e+02
-4.60081345e-01 7.32753586e-01 -5.01395392e-01 2.63129798e+02 -8.66457278e-01 -2.47247140e-01 4.33728760e-01 -1.58388042e+01 1.93847727e-01 6.33988197e-01 7.48653474e-01 1.02229656e+03
-4.63430000e-01 6.96072983e-01 -5.48374906e-01 3.30922839e+02 -8.66293182e-01 -2.25662714e-01 4.45659582e-01 -3.82434109e+01 1.86463825e-01 6.81585462e-01 7.07582150e-01 1.18073962e+03
-4.86388959e-01 7.17650168e-01 -4.98401462e-01 2.73072954e+02 -8.56289199e-01 -2.78073739e-01 4.35251425e-01 4.48931553e+00 1.73765900e-01 6.38477276e-01 7.49768084e-01 9.97727043e+02
-5.13094500e-01 7.14280505e-01 -4.75959446e-01 2.62621913e+02 -8.43310691e-01 -3.16222871e-01 4.34545941e-01 2.23266821e+01 1.59878431e-01 6.24344822e-01 7.64612602e-01 9.25164765e+02
-5.79299025e-01 6.82202956e-01 -4.46107348e-01 2.71201100e+02 -8.07947713e-01 -4.08157101e-01 4.25003852e-01 6.91504968e+01 1.07857002e-01 6.06635728e-01 7.87629329e-01 8.48422607e+02
-5.14305838e-01 7.36858203e-01 -4.38781829e-01 2.11891768e+02 -8.42982708e-01 -3.40275623e-01 4.16644519e-01 4.69661490e+01 1.57701171e-01 5.84168203e-01 7.96164463e-01 7.54994596e+02
-5.12851944e-01 7.38532526e-01 -4.37667215e-01 2.07933933e+02 -8.44534051e-01 -3.42520541e-01 4.11633230e-01 4.74503879e+01 1.54094518e-01 5.80731768e-01 7.99378192e-01 7.21994845e+02
-5.26801670e-01 7.31296847e-01 -4.33226179e-01 2.12662714e+02 -8.36960284e-01 -3.57397681e-01 4.14444665e-01 5.15536174e+01 1.48248045e-01 5.80923248e-01 8.00344112e-01 7.07769573e+02
-5.13117190e-01 7.37953080e-01 -4.38333207e-01 2.08915894e+02 -8.43874354e-01 -3.40441580e-01 4.14699416e-01 4.91368060e+01 1.56801862e-01 5.82687551e-01 7.97426105e-01 6.90234948e+02
-5.38047937e-01 7.33056965e-01 -4.16091221e-01 1.98346142e+02 -8.30010440e-01 -3.74717096e-01 4.13121976e-01 6.93047891e+01 1.46925448e-01 5.67639484e-01 8.10060695e-01 6.21537713e+02
-5.31195408e-01 7.36768365e-01 -4.18334573e-01 1.97647949e+02 -8.33071149e-01 -3.64246316e-01 4.16313682e-01 6.38960899e+01 1.54349924e-01 5.69646380e-01 8.07266438e-01 6.09877361e+02
-5.25313657e-01 7.44452449e-01 -4.12111771e-01 1.81935863e+02 -8.36428329e-01 -3.62802008e-01 4.10806953e-01 6.65239946e+01 1.56311264e-01 5.60504463e-01 8.13265968e-01 5.37014015e+02
-5.18959152e-01 7.53651098e-01 -4.03350246e-01 1.61431189e+02 -8.40308908e-01 -3.63280253e-01 4.02378425e-01 7.40769587e+01 1.56723762e-01 5.47756771e-01 8.21827343e-01 4.62733657e+02
-5.19121809e-01 7.52779282e-01 -4.04766475e-01 1.64131462e+02 -8.40123966e-01 -3.62331331e-01 4.03618294e-01 7.08245979e+01 1.57175914e-01 5.49581075e-01 8.20522013e-01 3.72455066e+02
-5.21569915e-01 7.46839004e-01 -4.12548575e-01 1.83098850e+02 -8.39784265e-01 -3.63927150e-01 4.02888840e-01 7.34640135e+01 1.50755473e-01 5.56586500e-01 8.16997096e-01 2.75824574e+02
-5.18959202e-01 7.42130564e-01 -4.24173988e-01 1.93276950e+02 -8.39898839e-01 -3.50454859e-01 4.14428922e-01 5.23602196e+01 1.58906534e-01 5.71334943e-01 8.05186374e-01 5.19651115e+02
-5.04722741e-01 7.52598862e-01 -4.22906499e-01 1.79176673e+02 -8.46026982e-01 -3.33762562e-01 4.15741384e-01 4.61822086e+01 1.71736136e-01 5.67624440e-01 8.05176499e-01 4.57584978e+02
-5.52236928e-01 7.12620327e-01 -4.32673832e-01 2.33194259e+02 -8.21936850e-01 -3.78560458e-01 4.25572313e-01 5.01418480e+01 1.39478277e-01 5.90647313e-01 7.94783972e-01 6.09020144e+02
-5.17616604e-01 7.40763183e-01 -4.28185659e-01 1.97814629e+02 -8.42397932e-01 -3.53600434e-01 4.06610941e-01 6.07226456e+01 1.49795780e-01 5.71171288e-01 8.07046829e-01 4.49000300e+02
-5.09332360e-01 7.34290610e-01 -4.48773715e-01 2.19317254e+02 -8.47059395e-01 -3.35728140e-01 4.12040042e-01 3.88704255e+01 1.51891169e-01 5.90003319e-01 7.92984966e-01 5.22601193e+02
-5.09380084e-01 7.34006401e-01 -4.49184297e-01 2.19875174e+02 -8.47292716e-01 -3.36548996e-01 4.10889070e-01 3.83595204e+01 1.50422683e-01 5.89889292e-01 7.93349633e-01 5.21659417e+02
-5.60243657e-01 7.16008352e-01 -4.16484195e-01 2.14232202e+02 -8.17919522e-01 -3.98733627e-01 4.14751915e-01 5.82795644e+01 1.30899581e-01 5.73012683e-01 8.09025194e-01 4.81129823e+02
-5.01624761e-01 7.73069077e-01 -3.88248376e-01 1.29254850e+02 -8.46531342e-01 -3.46202946e-01 4.04386211e-01 5.22178643e+01 1.78205743e-01 5.31514555e-01 8.28091173e-01 4.04330123e+02
-5.42114133e-01 7.27785204e-01 -4.20048764e-01 2.03053573e+02 -8.27814039e-01 -3.76675197e-01 4.15739957e-01 5.53474020e+01 1.44347439e-01 5.73100770e-01 8.06671757e-01 4.35084382e+02
-5.25553323e-01 7.40258329e-01 -4.19298594e-01 1.84729742e+02 -8.37939322e-01 -3.65157862e-01 4.05607481e-01 7.05895647e+01 1.47144138e-01 5.64515139e-01 8.12201490e-01 3.51889547e+02
-5.93943515e-01 6.54060819e-01 -4.68439480e-01 3.12223156e+02 -7.97873767e-01 -4.04276689e-01 4.47166425e-01 3.25006258e+01 1.03094876e-01 6.39347170e-01 7.61975487e-01 6.06254416e+02
-4.67121095e-01 8.73437403e-01 -1.37495399e-01 -1.97435523e+02 -8.29394517e-01 -3.78947526e-01 4.10491789e-01 5.30768146e+01 3.06435341e-01 3.05787304e-01 9.01438576e-01 1.22143270e+03
-5.40580309e-01 7.17495315e-01 -4.39287381e-01 2.27662589e+02 -8.29636493e-01 -3.68028016e-01 4.19831715e-01 5.07471395e+01 1.39557225e-01 5.91401600e-01 7.94208995e-01 4.35984063e+02
-5.41519342e-01 7.17273904e-01 -4.38491674e-01 2.28208462e+02 -8.29290159e-01 -3.70161279e-01 4.18638817e-01 5.02290878e+01 1.37966060e-01 5.90337847e-01 7.95277683e-01 4.35039829e+02
-4.96328147e-01 7.56249272e-01 -4.26316090e-01 1.74875487e+02 -8.54040262e-01 -3.37211329e-01 3.96110780e-01 6.42566584e+01 1.55799874e-01 5.60692035e-01 8.13234800e-01 2.56262052e+02
-4.92286432e-01 7.58230548e-01 -4.27481585e-01 1.75413484e+02 -8.56608569e-01 -3.34835866e-01 3.92564265e-01 6.37750030e+01 1.54518051e-01 5.59438450e-01 8.14341938e-01 2.55304199e+02
-4.86950795e-01 7.93083139e-01 -3.65920835e-01 5.53233662e+01 -8.63641051e-01 -3.74655960e-01 3.37278885e-01 1.34606335e+02 1.30395775e-01 4.80262476e-01 8.67378174e-01 1.43429629e+03
-4.87134914e-01 7.93074181e-01 -3.65695117e-01 5.57789261e+01 -8.63020776e-01 -3.73010465e-01 3.40673353e-01 1.34175744e+02 1.33771135e-01 4.81556368e-01 8.66145916e-01 1.43326586e+03
-5.18492573e-01 7.78053281e-01 -3.54680905e-01 7.02496126e+01 -8.40215245e-01 -3.86570807e-01 3.80264845e-01 1.07110219e+02 1.58757027e-01 4.95172801e-01 8.54166321e-01 1.15942298e+03
-5.97029021e-01 7.18986461e-01 -3.55829759e-01 1.61881112e+02 -7.77536985e-01 -4.09440730e-01 4.77278247e-01 9.79327641e-01 1.97465401e-01 5.61619762e-01 8.03486564e-01 3.74128965e+02
-5.14165095e-01 7.63121561e-01 -3.91509563e-01 1.33734859e+02 -8.45628030e-01 -3.74750000e-01 3.80099556e-01 1.12253248e+02 1.43343958e-01 5.26505385e-01 8.38000352e-01 7.37214424e+02
-5.34003241e-01 7.52582109e-01 -3.85305992e-01 1.46922273e+02 -8.31946606e-01 -3.86498349e-01 3.98100328e-01 9.34769736e+01 1.50683054e-01 5.33140878e-01 8.32499503e-01 5.46900019e+02
-5.04138875e-01 7.47033376e-01 -4.33341817e-01 2.00596139e+02 -8.52238692e-01 -3.49129307e-01 3.89612550e-01 9.20377925e+01 1.39761250e-01 5.65729496e-01 8.12660403e-01 2.06071487e+02
-4.78137534e-01 7.65516090e-01 -4.30545717e-01 1.72174913e+02 -8.71097904e-01 -3.50751491e-01 3.43746756e-01 1.46296653e+02 1.12129121e-01 5.39405698e-01 8.34546915e-01 3.85498316e+02
-5.46711742e-01 7.87890407e-01 -2.83434255e-01 8.43293397e+00 -8.32344716e-01 -4.74530380e-01 2.86396914e-01 2.71043049e+02 9.11512164e-02 3.92491560e-01 9.15227748e-01 1.19395366e+03
-5.52479361e-01 7.47342284e-01 -3.69115249e-01 1.42348295e+02 -8.13496009e-01 -3.86952370e-01 4.34156777e-01 5.14827351e+01 1.81633697e-01 5.40136440e-01 8.21743163e-01 5.96642526e+02
-5.17264869e-01 7.62751810e-01 -3.88132363e-01 1.46460582e+02 -8.30502751e-01 -3.37864916e-01 4.42845886e-01 2.64367666e+01 2.06645193e-01 5.51413615e-01 8.08233128e-01 3.13800920e+02
-5.18333238e-01 7.61998206e-01 -3.88187311e-01 1.46925681e+02 -8.30180361e-01 -3.39404068e-01 4.42273045e-01 2.58526387e+01 2.05258915e-01 5.51510302e-01 8.08520355e-01 3.12853498e+02
-5.99743839e-01 7.35695705e-01 -3.14736648e-01 1.10951112e+02 -7.74066737e-01 -4.33716633e-01 4.61205561e-01 2.40327553e+01 2.02800431e-01 5.20232364e-01 8.29596452e-01 6.08767075e+02
-5.29404964e-01 7.42677166e-01 -4.10074396e-01 1.87702362e+02 -8.35089064e-01 -3.71004083e-01 4.06180040e-01 7.23468933e+01 1.49521366e-01 5.57482374e-01 8.16612983e-01 3.24246358e+02
-5.47834350e-01 7.40977849e-01 -3.88367548e-01 1.69786204e+02 -8.20534817e-01 -3.85412091e-01 4.22113888e-01 5.51845081e+01 1.63095493e-01 5.49917582e-01 8.19140106e-01 4.20893998e+02
5.38716118e-01 -7.47280143e-01 3.89046696e-01 -1.66127921e+02 8.25753638e-01 3.76766352e-01 -4.19735685e-01 -5.91080663e+01 1.67080439e-01 5.47375103e-01 8.20039403e-01 -2.74790098e+03
-5.53210056e-01 7.54629777e-01 -3.52834993e-01 1.21020115e+02 -8.14449152e-01 -4.00967285e-01 4.19401735e-01 6.41115454e+01 1.75017749e-01 5.19383419e-01 8.36426716e-01 5.87427767e+02
-5.30879567e-01 7.61941820e-01 -3.70960307e-01 1.38893150e+02 -8.21424388e-01 -3.55013598e-01 4.46348878e-01 2.12896277e+01 2.08395923e-01 5.41673342e-01 8.14347058e-01 1.14037797e+02
-5.54373388e-01 7.97671527e-01 -2.37466383e-01 -3.52222181e+01 -8.07290009e-01 -4.46004914e-01 3.86474396e-01 1.25981856e+02 2.02368448e-01 4.05955358e-01 8.91205509e-01 1.04657694e+03
-3.72956898e-01 9.08197398e-01 -1.89949044e-01 -2.32018776e+02 -9.13160793e-01 -3.22997094e-01 2.48616660e-01 2.35083426e+02 1.64440015e-01 2.66177318e-01 9.49794250e-01 1.82193314e+03
-4.62583798e-01 8.60335148e-01 -2.14101993e-01 -1.38911511e+02 -8.66845018e-01 -3.88238201e-01 3.12811147e-01 1.79770465e+02 1.85999852e-01 3.30294614e-01 9.25369938e-01 1.29280412e+03
-4.57878288e-01 8.72935383e-01 -1.68319016e-01 -1.98232914e+02 -8.65439710e-01 -3.94361606e-01 3.09019470e-01 1.70185357e+02 2.03375472e-01 2.87163266e-01 9.36042561e-01 1.56693263e+03
-4.18255160e-01 8.82444229e-01 -2.15301658e-01 -1.68048291e+02 -8.91785779e-01 -3.53902333e-01 2.81906479e-01 1.91839655e+02 1.72570986e-01 3.09911796e-01 9.34972691e-01 1.36943937e+03
-4.52372273e-01 8.67315705e-01 -2.07660287e-01 -1.51687442e+02 -8.73535779e-01 -3.83994249e-01 2.99138195e-01 1.86970682e+02 1.79706899e-01 3.16720516e-01 9.31339651e-01 1.38296943e+03
-6.86510778e-01 1.94361545e-01 -7.00661503e-01 9.22815272e+02 -7.19497730e-01 -3.20740033e-01 6.15994194e-01 -3.37385754e+02 -1.05004610e-01 9.27011014e-01 3.60034180e-01 4.29840581e+03
3.48633750e-01 -2.42556759e-01 9.05329071e-01 -1.03837418e+03 -9.09290135e-01 -3.21741793e-01 2.63957704e-01 2.02250293e+02 2.27257473e-01 -9.15231357e-01 -3.32724516e-01 3.87487121e+03
-3.99679688e-01 8.81482109e-01 -2.51486458e-01 -1.34647224e+02 -9.04538185e-01 -3.34802931e-01 2.64041039e-01 2.12487353e+02 1.48549048e-01 3.33010944e-01 9.31148158e-01 1.11129858e+03
-4.00091037e-01 8.80312612e-01 -2.54905605e-01 -1.34340755e+02 -9.05196081e-01 -3.36071782e-01 2.60145754e-01 2.12094360e+02 1.43343008e-01 3.34821539e-01 9.31314834e-01 1.11020803e+03
-4.01250803e-01 8.78697735e-01 -2.58627308e-01 -1.34034708e+02 -9.04956143e-01 -3.36645323e-01 2.60238939e-01 2.11714239e+02 1.41605693e-01 3.38467454e-01 9.30262119e-01 1.10910464e+03
-4.00038322e-01 8.78920635e-01 -2.59745755e-01 -1.33708973e+02 -9.05159228e-01 -3.34446097e-01 2.62359639e-01 2.11374131e+02 1.43722346e-01 3.40065177e-01 9.29354380e-01 1.10798542e+03
-4.87312088e-01 8.36035585e-01 -2.52133754e-01 -8.31298332e+01 -8.53437019e-01 -3.94858510e-01 3.40194081e-01 1.49051798e+02 1.84857199e-01 3.80960967e-01 9.05923042e-01 9.08729033e+02
-4.39470286e-01 8.70813777e-01 -2.20338907e-01 -1.63040424e+02 -8.76060182e-01 -3.61321556e-01 3.19320045e-01 1.61512296e+02 1.98455098e-01 3.33361814e-01 9.21675363e-01 1.10042769e+03
-4.91407663e-01 8.53804366e-01 -1.71862191e-01 -1.93939829e+02 -8.31732782e-01 -4.01530189e-01 3.83398079e-01 8.62096780e+01 2.58339096e-01 3.31348173e-01 9.07452092e-01 1.13481136e+03
-4.18180464e-01 9.08284717e-01 1.19988999e-02 -4.67668873e+02 -8.37356439e-01 -3.90577229e-01 3.82470419e-01 7.84036318e+01 3.52078534e-01 1.49894301e-01 9.23889823e-01 2.25321171e+03
-4.19244147e-01 9.07807798e-01 1.09246061e-02 -4.67726681e+02 -8.36269546e-01 -3.90834379e-01 3.84579947e-01 7.78858770e+01 3.53394386e-01 1.52096976e-01 9.23027041e-01 2.25209915e+03
-4.16265638e-01 8.52650387e-01 -3.15769278e-01 -3.86766832e+01 -8.99175566e-01 -3.34497384e-01 2.82125506e-01 2.07523169e+02 1.34930425e-01 4.01371173e-01 9.05922161e-01 4.16662612e+02
-4.18779643e-01 8.51817469e-01 -3.14691293e-01 -3.82743197e+01 -8.98336176e-01 -3.37961150e-01 2.80667733e-01 2.07158875e+02 1.32724247e-01 4.00236506e-01 9.06749697e-01 4.15568839e+02
-4.20808970e-01 8.50776308e-01 -3.14800707e-01 -3.79047456e+01 -8.97494561e-01 -3.39963868e-01 2.80941420e-01 2.06799131e+02 1.31997438e-01 4.00754592e-01 9.06626954e-01 4.14473649e+02
-9.81148319e-01 -1.41406436e-01 1.31727736e-01 3.06893852e+02 -1.93244264e-01 7.10275977e-01 -6.76878638e-01 3.05651783e+02 2.15194962e-03 -6.89573967e-01 -7.24212064e-01 5.02602806e+03
-9.80714785e-01 -1.44452714e-01 1.31650765e-01 3.06734440e+02 -1.95403522e-01 7.10918733e-01 -6.75582725e-01 3.06490070e+02 3.99676283e-03 -6.88278990e-01 -7.25435082e-01 5.02688429e+03
-9.80734936e-01 -1.44606040e-01 1.31331944e-01 3.06526403e+02 -1.95314871e-01 7.14439536e-01 -6.71884105e-01 3.07322324e+02 3.32976687e-03 -6.84591296e-01 -7.28919523e-01 5.02773642e+03
-9.79480227e-01 -1.48106272e-01 1.36685831e-01 3.06320941e+02 -2.01538892e-01 7.17270598e-01 -6.67011967e-01 3.08118558e+02 7.47928214e-04 -6.80872544e-01 -7.32401542e-01 5.02862056e+03
-9.78614459e-01 -1.49596305e-01 1.41190246e-01 3.06111703e+02 -2.05696469e-01 7.17154575e-01 -6.65866562e-01 3.08942491e+02 -1.64405376e-03 -6.80668980e-01 -7.32589268e-01 5.02947545e+03
-9.77938140e-01 -1.52128934e-01 1.43156497e-01 3.05944428e+02 -2.08893572e-01 7.14436616e-01 -6.67790235e-01 3.09771729e+02 -6.86026501e-04 -6.82962012e-01 -7.30453571e-01 5.03033822e+03
-9.77574123e-01 -1.50817787e-01 1.46979008e-01 3.05709500e+02 -2.10568627e-01 7.10340186e-01 -6.71623163e-01 3.10575479e+02 -3.11237643e-03 -6.87510593e-01 -7.26167679e-01 5.03120591e+03
-9.77256039e-01 -1.50884800e-01 1.49011450e-01 3.05500618e+02 -2.12020148e-01 7.09281587e-01 -6.72284975e-01 3.11400979e+02 -4.25349387e-03 -6.88587981e-01 -7.25140332e-01 5.03205423e+03
-9.78180899e-01 -1.45242896e-01 1.48548408e-01 3.05268721e+02 -2.07633388e-01 7.07911199e-01 -6.75092668e-01 3.12224110e+02 -7.10666765e-03 -6.91206362e-01 -7.22622488e-01 5.03292396e+03
-9.79368148e-01 -1.40900032e-01 1.44862737e-01 3.05078028e+02 -2.01976766e-01 7.05859485e-01 -6.78946075e-01 3.13071715e+02 -6.58921291e-03 -6.94197067e-01 -7.19754830e-01 5.03378801e+03
-9.80271856e-01 -1.37416519e-01 1.42069663e-01 3.04861804e+02 -1.97552770e-01 7.04170500e-01 -6.81994729e-01 3.13905277e+02 -6.32392380e-03 -6.96606494e-01 -7.17425536e-01 5.03466788e+03
-9.81040440e-01 -1.35603010e-01 1.38461106e-01 3.04687731e+02 -1.93722710e-01 7.06723891e-01 -6.80450478e-01 3.14755140e+02 -5.58263850e-03 -6.94372497e-01 -7.19594100e-01 5.03553640e+03
-9.80777072e-01 -1.34891342e-01 1.40998800e-01 3.04465850e+02 -1.94920862e-01 7.10835434e-01 -6.75809769e-01 3.15589406e+02 -9.06605604e-03 -6.90302334e-01 -7.23464232e-01 5.03640056e+03
-9.80310405e-01 -1.35339713e-01 1.43786898e-01 3.04279748e+02 -1.97137741e-01 7.12550084e-01 -6.73356584e-01 3.16418956e+02 -1.13234791e-02 -6.88444289e-01 -7.25200827e-01 5.03727477e+03
-9.79735483e-01 -1.36602808e-01 1.46485687e-01 3.04103671e+02 -1.99947277e-01 7.10143934e-01 -6.75067907e-01 3.17257876e+02 -1.18097504e-02 -6.90677396e-01 -7.23066569e-01 5.03814472e+03
-9.79315504e-01 -1.38001815e-01 1.47975142e-01 3.03939982e+02 -2.01983450e-01 7.10096724e-01 -6.74511177e-01 3.18109350e+02 -1.19928974e-02 -6.90447783e-01 -7.23282814e-01 5.03901169e+03
-9.78911484e-01 -1.36539815e-01 1.51951259e-01 3.03686721e+02 -2.03653822e-01 7.10682922e-01 -6.73390603e-01 3.18925757e+02 -1.60445365e-02 -6.90135250e-01 -7.23502530e-01 5.03988982e+03
2.68140969e-01 -7.74310082e-01 5.73187855e-01 8.56378545e+01 9.02038026e-01 -7.12026717e-03 -4.31597848e-01 1.21036948e+02 3.38271816e-01 6.32766306e-01 6.96547902e-01 1.53880476e+03
-6.08646890e-01 7.57526150e-01 2.36015031e-01 5.30026390e+02 -2.74197342e-01 -4.79946216e-01 8.33347135e-01 -1.09427377e+02 7.44556768e-01 4.42499448e-01 4.99829429e-01 1.14524856e+03
-6.11104098e-01 7.56603469e-01 2.32600456e-01 5.29716727e+02 -2.76356989e-01 -4.79300368e-01 8.33005385e-01 -1.10475773e+02 7.41740248e-01 4.44772243e-01 5.01995076e-01 1.14468762e+03
-6.12188260e-01 7.55814270e-01 2.32315138e-01 5.29447044e+02 -2.77472957e-01 -4.80466059e-01 8.31962214e-01 -1.11511816e+02 7.40428452e-01 4.44856331e-01 5.03853701e-01 1.14409368e+03
-6.11366287e-01 7.56607863e-01 2.31896107e-01 5.29210008e+02 -2.79131114e-01 -4.80384186e-01 8.31454662e-01 -1.12533594e+02 7.40484358e-01 4.43593931e-01 5.04883492e-01 1.14347229e+03
-6.10943353e-01 7.57224308e-01 2.30996898e-01 5.28946950e+02 -2.80416939e-01 -4.79849479e-01 8.31330751e-01 -1.13529171e+02 7.40347593e-01 4.43120554e-01 5.05499373e-01 1.14284775e+03
-6.10688874e-01 7.57298185e-01 2.31427219e-01 5.28689925e+02 -2.80867971e-01 -4.80400686e-01 8.30860015e-01 -1.14540679e+02 7.40386576e-01 4.42396473e-01 5.06076159e-01 1.14224760e+03
-6.11365903e-01 7.56375736e-01 2.32653130e-01 5.28419464e+02 -2.79091262e-01 -4.81191849e-01 8.31000885e-01 -1.15559981e+02 7.40499696e-01 4.43114151e-01 5.05282148e-01 1.14165727e+03
-6.12609214e-01 7.55303959e-01 2.32864512e-01 5.28126402e+02 -2.78071988e-01 -4.81746248e-01 8.31021373e-01 -1.16586702e+02 7.39855337e-01 4.44338252e-01 5.05151064e-01 1.14107988e+03
-6.13371089e-01 7.55055806e-01 2.31660608e-01 5.27867906e+02 -2.79143049e-01 -4.81639082e-01 8.30724354e-01 -1.17613005e+02 7.38820049e-01 4.44875853e-01 5.06192068e-01 1.14048245e+03
-6.15304628e-01 7.53610378e-01 2.31239298e-01 5.27579604e+02 -2.78233420e-01 -4.82086038e-01 8.30770255e-01 -1.18677232e+02 7.37554322e-01 4.46838282e-01 5.06309363e-01 1.13998287e+03
-6.14134563e-01 7.53802232e-01 2.33711218e-01 5.27300627e+02 -2.74876001e-01 -4.81900120e-01 8.31994867e-01 -1.19692463e+02 7.39785051e-01 4.46715199e-01 5.03153663e-01 1.13939059e+03
-6.10505755e-01 7.56057647e-01 2.35922779e-01 5.27033624e+02 -2.72466207e-01 -4.80186902e-01 8.33776172e-01 -1.20714807e+02 7.43669879e-01 4.44744167e-01 4.99157026e-01 1.13880355e+03
-6.09046062e-01 7.57424894e-01 2.35309211e-01 5.26690517e+02 -2.71159879e-01 -4.77652994e-01 8.35655394e-01 -1.21764494e+02 7.45342347e-01 4.45146210e-01 4.96295917e-01 1.13831135e+03
-6.05652765e-01 7.60383771e-01 2.34523450e-01 5.26401172e+02 -2.72477349e-01 -4.75088566e-01 8.36688083e-01 -1.22790427e+02 7.47623450e-01 4.42840123e-01 4.94926058e-01 1.13774574e+03
-6.02021826e-01 7.63233749e-01 2.34614504e-01 5.26130594e+02 -2.74693729e-01 -4.73858059e-01 8.36661159e-01 -1.23811492e+02 7.49742006e-01 4.39241146e-01 4.94928419e-01 1.13716843e+03
-6.05875472e-01 7.64068661e-01 2.21616771e-01 5.32646704e+02 -2.94487910e-01 -4.74175636e-01 8.29719433e-01 -1.07292782e+02 7.39047889e-01 4.37443193e-01 5.12300371e-01 1.04733998e+03
-6.19803130e-01 7.49023089e-01 2.34112136e-01 5.41054693e+02 -2.84428268e-01 -4.92453112e-01 8.22551210e-01 -1.19190971e+02 7.31399098e-01 4.43231705e-01 5.18267320e-01 9.77731318e+02
-6.06166328e-01 7.65028024e-01 2.17472998e-01 5.36854444e+02 -3.05477220e-01 -4.76408355e-01 8.24450573e-01 -9.99328914e+01 7.34333746e-01 4.33321130e-01 5.22481337e-01 9.10877008e+02
-7.23668192e-01 5.37242523e-01 4.33214518e-01 5.60604869e+02 -9.77172357e-02 -7.01150663e-01 7.06285417e-01 -3.09619781e+02 6.83195206e-01 4.68783766e-01 5.59898287e-01 8.74877531e+02
-9.41250735e-01 7.58501614e-02 -3.29080243e-01 1.50457095e+07 7.87873277e-02 -8.98239128e-01 -4.32387589e-01 -5.13727091e+06 -3.28389419e-01 -4.32912489e-01 8.39492208e-01 2.46303821e+07
-9.41437726e-01 7.95524661e-02 -3.27668144e-01 1.50457098e+07 7.48415851e-02 -8.98230312e-01 -4.33106272e-01 -5.13727041e+06 -3.28776131e-01 -4.32265788e-01 8.39674070e-01 2.46303811e+07
-9.41046897e-01 8.22664148e-02 -3.28120366e-01 1.50457102e+07 7.20915354e-02 -8.98922283e-01 -4.32136020e-01 -5.13726990e+06 -3.30504990e-01 -4.30314962e-01 8.39997313e-01 2.46303801e+07
-9.41524068e-01 8.25896461e-02 -3.26667079e-01 1.50457107e+07 7.07307555e-02 -8.99448836e-01 -4.31264364e-01 -5.13726943e+06 -3.29438295e-01 -4.29151187e-01 8.41011099e-01 2.46303791e+07
-9.41268354e-01 8.23747536e-02 -3.27457303e-01 1.50457110e+07 7.03316217e-02 -9.00685228e-01 -4.28741861e-01 -5.13726892e+06 -3.30253461e-01 -4.26591749e-01 8.41992952e-01 2.46303781e+07
-9.41678301e-01 8.18729381e-02 -3.26402817e-01 1.50457114e+07 7.02545785e-02 -9.00747384e-01 -4.28623896e-01 -5.13726842e+06 -3.29099181e-01 -4.26557114e-01 8.42462318e-01 2.46303771e+07
-9.41190314e-01 7.99361169e-02 -3.28284953e-01 1.50457118e+07 7.35760054e-02 -8.99806194e-01 -4.30041144e-01 -5.13726793e+06 -3.29768653e-01 -4.28904455e-01 8.41007494e-01 2.46303761e+07
-9.41333812e-01 7.87345556e-02 -3.28163868e-01 1.50457122e+07 7.49574131e-02 -8.99335303e-01 -4.30786953e-01 -5.13726744e+06 -3.29047171e-01 -4.30112640e-01 8.40672990e-01 2.46303751e+07
-9.40661183e-01 7.47092511e-02 -3.31021249e-01 1.50457126e+07 7.83470053e-02 -9.01298365e-01 -4.26055165e-01 -5.13726695e+06 -3.30179172e-01 -4.26708079e-01 8.41963140e-01 2.46303741e+07
-9.40520022e-01 7.23608159e-02 -3.31942767e-01 1.50457130e+07 7.96114263e-02 -9.02908390e-01 -4.22396094e-01 -5.13726645e+06 -3.30278835e-01 -4.23698421e-01 8.43442671e-01 2.46303731e+07
-9.40473324e-01 7.65445836e-02 -3.31135703e-01 1.50457134e+07 7.58780824e-02 -9.02427330e-01 -4.24107806e-01 -5.13726597e+06 -3.31289064e-01 -4.23988020e-01 8.42900774e-01 2.46303721e+07
-9.40102671e-01 7.85167173e-02 -3.31725931e-01 1.50457137e+07 7.57897165e-02 -9.00616942e-01 -4.27954487e-01 -5.13726548e+06 -3.32359575e-01 -4.27462571e-01 8.40721633e-01 2.46303711e+07
-9.39507431e-01 7.60701800e-02 -3.33974722e-01 1.50457141e+07 7.90288130e-02 -9.00580936e-01 -4.27444060e-01 -5.13726501e+06 -3.33287014e-01 -4.27980496e-01 8.40090746e-01 2.46303701e+07
-9.38895882e-01 7.57298651e-02 -3.35767046e-01 1.50457145e+07 8.04762036e-02 -9.00160953e-01 -4.28058219e-01 -5.13726452e+06 -3.34661176e-01 -4.28923356e-01 8.39062961e-01 2.46303691e+07
-9.38405288e-01 7.77249408e-02 -3.36681376e-01 1.50457149e+07 8.08618812e-02 -8.97918765e-01 -4.32669907e-01 -5.13726404e+06 -3.35941768e-01 -4.33244418e-01 8.36326732e-01 2.46303681e+07
-9.37270431e-01 7.70506652e-02 -3.39981375e-01 1.50457153e+07 8.43156362e-02 -8.96205741e-01 -4.35552687e-01 -5.13726355e+06 -3.38252884e-01 -4.36896400e-01 8.33490565e-01 2.46303671e+07
-9.36949546e-01 7.75484795e-02 -3.40751790e-01 1.50457157e+07 8.44339536e-02 -8.95945909e-01 -4.36064026e-01 -5.13726304e+06 -3.39111275e-01 -4.37341012e-01 8.32908388e-01 2.46303661e+07
-9.36634863e-01 8.05709136e-02 -3.40915622e-01 1.50457162e+07 8.21491952e-02 -8.95533793e-01 -4.37345098e-01 -5.13726253e+06 -3.40538754e-01 -4.37638610e-01 8.32169336e-01 2.46303651e+07
-9.36234971e-01 8.50223504e-02 -3.40932953e-01 1.50457166e+07 7.91080347e-02 -8.94369921e-01 -4.40277598e-01 -5.13726203e+06 -3.42353614e-01 -4.39173820e-01 8.30614447e-01 2.46303641e+07
-9.34810278e-01 8.78663559e-02 -3.44106447e-01 1.50457170e+07 7.82510285e-02 -8.94141167e-01 -4.40894942e-01 -5.13726152e+06 -3.46419572e-01 -4.39079806e-01 8.28976721e-01 2.46303631e+07
-9.34019115e-01 9.22248585e-02 -3.45112833e-01 1.50457174e+07 7.44095713e-02 -8.94678755e-01 -4.40469229e-01 -5.13726102e+06 -3.49387332e-01 -4.37086377e-01 8.28784647e-01 2.46303620e+07
-9.32830958e-01 9.39807555e-02 -3.47841948e-01 1.50457178e+07 7.31673809e-02 -8.95863244e-01 -4.38264284e-01 -5.13726051e+06 -3.52807225e-01 -4.34277177e-01 8.28812642e-01 2.46303610e+07
-9.32369838e-01 9.38739435e-02 -3.49104809e-01 1.50457182e+07 7.36204477e-02 -8.96152748e-01 -4.37596027e-01 -5.13726002e+06 -3.53930098e-01 -4.33702589e-01 8.28634751e-01 2.46303600e+07
-9.32577053e-01 9.42860401e-02 -3.48439641e-01 1.50457187e+07 7.41110756e-02 -8.94709264e-01 -4.40457582e-01 -5.13725955e+06 -3.53281176e-01 -4.36583871e-01 8.27397688e-01 2.46303590e+07
-9.31512328e-01 1.00118325e-01 -3.49658553e-01 1.50457191e+07 7.09521563e-02 -8.92875123e-01 -4.44679442e-01 -5.13725903e+06 -3.56721985e-01 -4.39033411e-01 8.24620573e-01 2.46303580e+07
-9.24096473e-01 1.17755027e-01 -3.63564936e-01 1.50274010e+07 6.09298416e-02 -8.93776582e-01 -4.44354560e-01 -4.99550421e+06 -3.77270809e-01 -4.32778436e-01 8.18760992e-01 2.47599004e+07
-9.28356257e-01 1.00178622e-01 -3.57937012e-01 1.49890024e+07 7.43091131e-02 -8.93530972e-01 -4.42809843e-01 -5.11926120e+06 -3.64187886e-01 -4.37683271e-01 8.22070884e-01 2.35705122e+07
-9.17739381e-01 1.08877265e-01 -3.81968808e-01 1.49562810e+07 8.64396019e-02 -8.83893140e-01 -4.59631495e-01 -5.12164285e+06 -3.87663029e-01 -4.54839156e-01 8.01772236e-01 2.33620165e+07
-9.07240924e-01 1.17906635e-01 -4.03747360e-01 1.49252121e+07 9.06068430e-02 -8.82584702e-01 -4.61340052e-01 -5.14838745e+06 -4.10736296e-01 -4.55128849e-01 7.90033813e-01 2.30159829e+07
-8.97592546e-01 1.28324651e-01 -4.21734994e-01 1.48844981e+07 9.46101018e-02 -8.78321321e-01 -4.68615606e-01 -5.13832281e+06 -4.30553771e-01 -4.60526265e-01 7.76233863e-01 2.26040496e+07
-8.79581580e-01 1.49618332e-01 -4.51608900e-01 1.48113152e+07 9.51076662e-02 -8.74799044e-01 -4.75059116e-01 -5.10491330e+06 -4.66144587e-01 -4.60804717e-01 7.55227275e-01 2.25024943e+07
-8.56591545e-01 1.75700996e-01 -4.85159856e-01 1.46222557e+07 4.76072353e-02 -9.09319804e-01 -4.13365509e-01 -4.76223612e+06 -5.13794197e-01 -3.77182520e-01 7.70551017e-01 2.54060297e+07
-9.15836798e-01 1.04606028e-01 -3.87686134e-01 1.49585380e+07 8.46703921e-02 -8.93458664e-01 -4.41092440e-01 -5.20774172e+06 -3.92522464e-01 -4.36794225e-01 8.09405288e-01 2.13919129e+07
-9.15849735e-01 1.05293067e-01 -3.87469526e-01 1.49585384e+07 8.43826582e-02 -8.92979911e-01 -4.42115874e-01 -5.20774119e+06 -3.92554239e-01 -4.37607415e-01 8.08950505e-01 2.13919120e+07
3.11451144e-01 2.09614284e-01 -9.26854917e-01 -3.69272189e+05 -3.23771215e-01 -8.93599189e-01 -3.10890156e-01 8.46845596e+04 -8.93403820e-01 3.96916037e-01 -2.10445419e-01 1.06825375e+07
3.13430615e-01 2.10199300e-01 -9.26054806e-01 -3.69271054e+05 -3.22051536e-01 -8.93870455e-01 -3.11894883e-01 8.46848778e+04 -8.93333117e-01 3.95994778e-01 -2.12471359e-01 1.06825377e+07
3.13376703e-01 2.12305059e-01 -9.25592569e-01 -3.69269927e+05 -3.22542906e-01 -8.92948635e-01 -3.14020396e-01 8.46852276e+04 -8.93174740e-01 3.96949994e-01 -2.11351809e-01 1.06825380e+07
3.11752702e-01 2.11006065e-01 -9.26437636e-01 -3.69268808e+05 -3.27788221e-01 -8.91288820e-01 -3.13303561e-01 8.46856057e+04 -8.91832459e-01 4.01348577e-01 -2.08696395e-01 1.06825382e+07
3.09827426e-01 2.07751824e-01 -9.27817949e-01 -3.69267672e+05 -3.34414788e-01 -8.89673509e-01 -3.10882288e-01 8.46859549e+04 -8.90041412e-01 4.06595902e-01 -2.06169971e-01 1.06825384e+07
3.06689906e-01 2.03585662e-01 -9.29781792e-01 -3.69266532e+05 -3.38226287e-01 -8.89789881e-01 -3.06393449e-01 8.46862788e+04 -8.89687743e-01 4.08444421e-01 -2.04031552e-01 1.06825387e+07
3.02429902e-01 1.99411484e-01 -9.32078974e-01 -3.69265406e+05 -3.39931723e-01 -8.91006601e-01 -3.00921353e-01 8.46866420e+04 -8.90495692e-01 4.07850827e-01 -2.01680750e-01 1.06825389e+07
2.99926060e-01 1.96131602e-01 -9.33582751e-01 -3.69264270e+05 -3.37988592e-01 -8.93307040e-01 -2.96253682e-01 8.46869815e+04 -8.92080753e-01 4.04394520e-01 -2.01635817e-01 1.06825391e+07
2.97324878e-01 1.96194546e-01 -9.34401208e-01 -3.69263143e+05 -3.35073766e-01 -8.94971733e-01 -2.94535513e-01 8.46873116e+04 -8.94048929e-01 4.00666068e-01 -2.00357716e-01 1.06825394e+07
2.94635959e-01 1.95424565e-01 -9.35413754e-01 -3.69262019e+05 -3.36374522e-01 -8.95009296e-01 -2.92934364e-01 8.46876528e+04 -8.94450576e-01 4.00958352e-01 -1.97966078e-01 1.06825397e+07
2.93089463e-01 1.97629657e-01 -9.35436307e-01 -3.69260895e+05 -3.34925353e-01 -8.95182469e-01 -2.94063523e-01 8.46879875e+04 -8.95501856e-01 3.99488255e-01 -1.96177366e-01 1.06825399e+07
2.89713402e-01 1.95324298e-01 -9.36970951e-01 -3.69259781e+05 -3.35262876e-01 -8.96221158e-01 -2.90493442e-01 8.46883340e+04 -8.96473618e-01 3.98291420e-01 -1.94162295e-01 1.06825401e+07
2.87627540e-01 1.96373784e-01 -9.37394120e-01 -3.69258670e+05 -3.35323996e-01 -8.96155727e-01 -2.90624724e-01 8.46886505e+04 -8.97122186e-01 3.97922416e-01 -1.91910225e-01 1.06825404e+07
2.84615627e-01 1.95984890e-01 -9.38394303e-01 -3.69257567e+05 -3.37564769e-01 -8.95694363e-01 -2.89450574e-01 8.46889910e+04 -8.97242426e-01 3.99151013e-01 -1.88771019e-01 1.06825406e+07
2.83301099e-01 1.98041995e-01 -9.38360195e-01 -3.69256458e+05 -3.36871566e-01 -8.95547003e-01 -2.90711393e-01 8.46893021e+04 -8.97918724e-01 3.98465725e-01 -1.86994733e-01 1.06825408e+07
2.86436560e-01 2.02193077e-01 -9.36521253e-01 -3.69255334e+05 -3.34636280e-01 -8.94805645e-01 -2.95535814e-01 8.46896075e+04 -8.97759800e-01 3.98046250e-01 -1.88643912e-01 1.06825410e+07
2.84843907e-01 2.03423738e-01 -9.36740482e-01 -3.69254222e+05 -3.34399868e-01 -8.94744527e-01 -2.95988106e-01 8.46899428e+04 -8.98354427e-01 3.97556302e-01 -1.86837656e-01 1.06825412e+07
2.82440422e-01 2.04691771e-01 -9.37191916e-01 -3.69253115e+05 -3.33629088e-01 -8.95019577e-01 -2.96026330e-01 8.46902896e+04 -8.99399266e-01 3.96284285e-01 -1.84498578e-01 1.06825415e+07
2.82800784e-01 2.08415643e-01 -9.36262056e-01 -3.69251994e+05 -3.30754527e-01 -8.95048942e-01 -2.99146845e-01 8.46906106e+04 -9.00347244e-01 3.94271875e-01 -1.84186125e-01 1.06825417e+07
5.47190419e-01 -3.07277939e-02 -8.36443930e-01 1.27280034e+07 2.94987898e-01 9.42286532e-01 1.58361081e-01 -4.00060313e+05 7.83303763e-01 -3.33394503e-01 5.24674489e-01 2.24121462e+07
5.46474891e-01 -3.37166667e-02 -8.36796499e-01 1.27280044e+07 2.96280469e-01 9.42354543e-01 1.55517839e-01 -4.00060474e+05 7.83315439e-01 -3.32913054e-01 5.24962686e-01 2.24121456e+07
5.46734904e-01 -3.47699893e-02 -8.36583524e-01 1.27280054e+07 2.96846087e-01 9.42288916e-01 1.54835396e-01 -4.00060651e+05 7.82919757e-01 -3.32990460e-01 5.25503575e-01 2.24121449e+07
