1.00000000e+00 0.00000000e+00 0.00000000e+00 0.00000000e+00 0.00000000e+00 1.00000000e+00 0.00000000e+00 0.00000000e+00 0.00000000e+00 0.00000000e+00 1.00000000e+00 0.00000000e+00
9.99998570e-01 1.58353758e-03 -5.92842403e-04 3.94351430e-01 -1.58242474e-03 9.99996994e-01 1.87292799e-03 -3.87372587e-02 5.95806473e-04 -1.87198719e-03 9.99998070e-01 -2.65742173e+00
9.99993579e-01 3.54876774e-03 -4.97661785e-04 7.01877514e-01 -3.54713754e-03 9.99988463e-01 3.23922404e-03 2.97704262e-02 5.09151297e-04 -3.23743797e-03 9.99994630e-01 -4.80766465e+00
9.99989392e-01 4.43792125e-03 1.23329081e-03 7.85910168e-01 -4.44286941e-03 9.99981974e-01 4.03880707e-03 7.79312518e-02 -1.21534467e-03 -4.04424357e-03 9.99991083e-01 -6.44646909e+00
9.99967324e-01 8.04501127e-03 -7.93236426e-04 1.57406674e+00 -8.03989731e-03 9.99948134e-01 6.25213110e-03 -3.99343150e-03 8.43493749e-04 -6.24554926e-03 9.99980141e-01 -8.75489997e+00
9.99938992e-01 1.09784735e-02 -1.21846111e-03 1.90061150e+00 -1.09671959e-02 9.99900201e-01 8.90551814e-03 -7.13651905e-02 1.31610850e-03 -8.89161174e-03 9.99959603e-01 -1.08815787e+01
9.99913780e-01 1.29081116e-02 -2.41107497e-03 2.30489019e+00 -1.28825169e-02 9.99863498e-01 1.03453266e-02 -1.57366334e-01 2.54428448e-03 -1.03133739e-02 9.99943579e-01 -1.27673423e+01
9.99913156e-01 1.29944417e-02 -2.19655669e-03 2.44655897e+00 -1.29719833e-02 9.99866386e-01 9.94678966e-03 -1.61755613e-01 2.32551618e-03 -9.91743215e-03 9.99948117e-01 -1.46224135e+01
9.99909115e-01 1.34395465e-02 -1.06825556e-03 2.44580108e+00 -1.34278874e-02 9.99857201e-01 1.02600665e-02 -1.44361954e-01 1.20599366e-03 -1.02447896e-02 9.99946794e-01 -1.66084175e+01
9.99904948e-01 1.32589963e-02 -3.78082528e-03 2.72643021e+00 -1.32056403e-02 9.99817510e-01 1.38042879e-02 -2.04602978e-01 3.96316631e-03 -1.37530476e-02 9.99897568e-01 -1.80588978e+01
9.99928404e-01 1.18494297e-02 -1.66695001e-03 2.82581578e+00 -1.18179588e-02 9.99772287e-01 1.77682344e-02 -2.20919951e-01 1.87711387e-03 -1.77472623e-02 9.99840743e-01 -1.93548805e+01
9.99997226e-01 -1.80586779e-03 -1.51211677e-03 2.00281922e-01 1.81254134e-03 9.99988573e-01 4.42370672e-03 -3.94854669e-02 1.50411086e-03 -4.42643522e-03 9.99989072e-01 -1.21753277e+00
9.99959389e-01 8.28266396e-03 -3.55210690e-03 3.16214852e+00 -8.20172348e-03 9.99719331e-01 2.22259285e-02 -3.17951021e-01 3.73519983e-03 -2.21958925e-02 9.99746663e-01 -2.21867760e+01
9.99989602e-01 -3.99144396e-03 2.20558413e-03 2.44204766e-02 3.99883450e-03 9.99986371e-01 -3.35664549e-03 4.69171332e-02 -2.19215621e-03 3.36543035e-03 9.99991934e-01 -2.66380909e+00
9.99990381e-01 4.30386049e-03 8.44960546e-04 3.04590502e+00 -4.30728255e-03 9.99982356e-01 4.09080180e-03 -2.76393150e-01 -8.27339398e-04 -4.09440194e-03 9.99991276e-01 -2.52857233e+01
9.99992601e-01 3.57979083e-03 1.40824139e-03 3.08356376e+00 -3.57599868e-03 9.99989998e-01 -2.68618621e-03 -2.34384841e-01 -1.41784329e-03 2.68113047e-03 9.99995401e-01 -2.69372078e+01
9.99967081e-01 3.67121353e-04 8.10570983e-03 2.72518201e+00 -3.60647463e-04 9.99999615e-01 -8.00129924e-04 -2.18214924e-01 -8.10600045e-03 7.97180281e-04 9.99966828e-01 -2.85097844e+01
9.99960379e-01 -2.31742276e-03 8.59478890e-03 2.71964276e+00 2.26109866e-03 9.99975945e-01 6.55722218e-03 -2.10318584e-01 -8.60977801e-03 -6.53752871e-03 9.99941565e-01 -2.98333931e+01
9.99943059e-01 -1.48250828e-03 1.05679290e-02 2.67328296e+00 1.35659797e-03 9.99928134e-01 1.19116067e-02 -2.01170278e-01 -1.05848286e-02 -1.18965920e-02 9.99873208e-01 -3.17532277e+01
9.99948924e-01 1.66397896e-03 9.96900585e-03 2.88299744e+00 -1.76504308e-03 9.99947055e-01 1.01376275e-02 -2.39216078e-01 -9.95160924e-03 -1.01547054e-02 9.99898919e-01 -3.37907453e+01
9.99943330e-01 2.93300400e-03 1.02339476e-02 2.93541648e+00 -2.94175729e-03 9.99995320e-01 8.40371038e-04 -2.23390865e-01 -1.02314349e-02 -8.70429205e-04 9.99947279e-01 -3.54546798e+01
9.99933090e-01 3.71022146e-03 1.09566913e-02 2.86759741e+00 -3.63543483e-03 9.99970014e-01 -6.83770550e-03 -1.61129530e-01 -1.09817321e-02 6.79741565e-03 9.99916595e-01 -3.79674873e+01
9.99747126e-01 8.02571127e-03 2.10064950e-02 1.63301777e+00 -7.83226656e-03 9.99926313e-01 -9.27493592e-03 -1.70094592e-01 -2.10793850e-02 9.10806205e-03 9.99736317e-01 -4.05275550e+01
9.99734161e-01 1.02302210e-02 2.06627896e-02 1.65129290e+00 -1.00608236e-02 9.99915061e-01 -8.28556911e-03 -6.92212303e-02 -2.07457977e-02 8.07548180e-03 9.99752169e-01 -4.56353723e+01
9.99992410e-01 -3.24977889e-03 2.14894030e-03 -6.16743317e-02 3.25159471e-03 9.99994359e-01 -8.42031432e-04 5.78119055e-02 -2.14619176e-03 8.49012524e-04 9.99997337e-01 -7.77200437e+00
9.99821882e-01 8.50910422e-03 1.68463298e-02 1.55869151e+00 -8.46749489e-03 9.99960925e-01 -2.53972559e-03 1.25648814e-01 -1.68672823e-02 2.39662701e-03 9.99854865e-01 -5.44317072e+01
9.99777972e-01 1.19165062e-02 1.73782287e-02 1.48427548e+00 -1.19731110e-02 9.99923337e-01 3.15682255e-03 1.17571873e-01 -1.73392782e-02 -3.36419311e-03 9.99844004e-01 -5.72936993e+01
9.99711552e-01 1.57040573e-02 1.81712641e-02 1.28149630e+00 -1.58822437e-02 9.99826783e-01 9.70352996e-03 9.59564820e-02 -1.80157318e-02 -9.98933144e-03 9.99787801e-01 -5.98206331e+01
9.99738710e-01 1.51936132e-02 1.70782493e-02 1.31007112e+00 -1.54557041e-02 9.99763171e-01 1.53207003e-02 7.18663847e-02 -1.68414279e-02 -1.55806535e-02 9.99736770e-01 -6.20559872e+01
9.99756815e-01 1.38500852e-02 1.71606102e-02 1.33591060e+00 -1.41224131e-02 9.99774624e-01 1.58511259e-02 6.77854612e-02 -1.69372031e-02 -1.60896203e-02 9.99727090e-01 -6.39383517e+01
9.99699108e-01 1.25635055e-02 2.10677691e-02 1.27314075e+00 -1.28645981e-02 9.99816165e-01 1.42175169e-02 9.47682838e-02 -2.08852742e-02 -1.44842674e-02 9.99676953e-01 -6.54345507e+01
9.99725092e-01 1.04896706e-02 2.09692183e-02 1.25849845e+00 -1.08110635e-02 9.99824917e-01 1.52727388e-02 9.92891351e-02 -2.08053409e-02 -1.54952397e-02 9.99663461e-01 -6.65780410e+01
9.99766976e-01 7.58576570e-03 2.02101319e-02 1.27000246e+00 -7.94292218e-03 9.99812661e-01 1.76508845e-02 8.05620245e-02 -2.00724503e-02 -1.78072989e-02 9.99639934e-01 -6.82634055e+01
9.99811318e-01 4.66314930e-03 1.88569241e-02 1.33955624e+00 -5.01329621e-03 9.99815102e-01 1.85641731e-02 4.73255201e-02 -1.87668700e-02 -1.86552058e-02 9.99649833e-01 -6.99471497e+01
9.99807415e-01 4.11301000e-03 1.91889657e-02 1.29084182e+00 -4.46610582e-03 9.99820831e-01 1.83945632e-02 3.98273807e-02 -1.91098706e-02 -1.84767206e-02 9.99646649e-01 -7.12468459e+01
9.99988185e-01 -4.66931048e-03 1.35162780e-03 6.91157454e-03 4.66982744e-03 9.99989024e-01 -3.79571582e-04 5.78457779e-02 -1.34984063e-03 3.85878966e-04 9.99999015e-01 -9.07120140e+00
9.99744066e-01 2.67669715e-03 2.24641240e-02 1.21733531e+00 -3.09584864e-03 9.99821379e-01 1.86447189e-02 1.44626668e-02 -2.24102052e-02 -1.87094926e-02 9.99573778e-01 -7.38501920e+01
9.99755352e-01 3.28305441e-03 2.18736572e-02 1.09278913e+00 -3.66996767e-03 9.99837103e-01 1.76719514e-02 -2.14391377e-02 -2.18120761e-02 -1.77479036e-02 9.99604544e-01 -7.77018885e+01
9.99545908e-01 1.76661112e-03 3.00808351e-02 6.93376252e-01 -2.26907096e-03 9.99858342e-01 1.66777195e-02 -7.76918564e-02 -3.00471109e-02 -1.67384019e-02 9.99408323e-01 -8.06392834e+01
9.99529201e-01 1.46479818e-03 3.06468549e-02 6.01667286e-01 -1.93768232e-03 9.99879441e-01 1.54060989e-02 -7.41801278e-02 -3.06205933e-02 -1.54582296e-02 9.99411538e-01 -8.31633394e+01
9.99504659e-01 1.66605903e-03 3.14270568e-02 5.54290954e-01 -2.19604591e-03 9.99855835e-01 1.68370612e-02 -9.32950814e-02 -3.13944746e-02 -1.68977364e-02 9.99364225e-01 -8.53711239e+01
9.99540331e-01 6.87511588e-04 3.03093162e-02 5.86382777e-01 -1.23149899e-03 9.99838435e-01 1.79328493e-02 -1.04570184e-01 -3.02920902e-02 -1.79619320e-02 9.99379687e-01 -8.74116930e+01
9.99987678e-01 -4.43590344e-03 2.22839521e-03 -3.03331780e-02 4.43870273e-03 9.99989364e-01 -1.25281819e-03 8.70647461e-02 -2.22281412e-03 1.26269394e-03 9.99996732e-01 -1.06712439e+01
9.99831455e-01 -5.80382118e-03 1.74177156e-02 8.38217602e-02 5.82707115e-03 9.99982198e-01 -1.28439155e-03 -2.82586337e-01 -1.74099512e-02 1.38566935e-03 9.99847475e-01 -2.74034505e+01
9.99176655e-01 -7.99681532e-03 3.97751462e-02 -9.15784756e-01 8.44847030e-03 9.99901586e-01 -1.12001091e-02 -2.50707207e-01 -3.96816666e-02 1.15269267e-02 9.99145883e-01 -4.35968593e+01
9.99077295e-01 -2.40182498e-02 3.56045162e-02 1.93237318e+00 2.33305991e-02 9.99535558e-01 1.96048974e-02 -3.90523734e+00 -3.60588553e-02 -1.87561332e-02 9.99173642e-01 -5.68664071e+01
9.99409529e-01 -2.82856564e-02 1.95067803e-02 4.71553780e+00 2.78095357e-02 9.99318762e-01 2.42619277e-02 -4.45006645e+00 -2.01797561e-02 -2.37051272e-02 9.99515305e-01 -6.26032380e+01
9.98324833e-01 -3.05970527e-02 -4.91054812e-02 1.01179907e+01 3.30698562e-02 9.98183441e-01 5.03607172e-02 -6.45858337e+00 4.74753887e-02 -5.19002658e-02 9.97523158e-01 -6.20463126e+01
9.94459466e-01 -1.36315082e-02 -1.04233161e-01 2.77460912e+01 2.26399648e-02 9.96060472e-01 8.57377892e-02 -1.32631169e+01 1.02653796e-01 -8.76225911e-02 9.90850382e-01 -1.38206857e+02
9.74528361e-01 -1.43299811e-02 -2.23806000e-01 2.37072064e+01 2.70353875e-02 9.98185193e-01 5.38089994e-02 -6.76329064e+00 2.22628753e-01 -5.84890779e-02 9.73147196e-01 -5.93446231e+01
9.65939595e-01 -1.19042924e-02 -2.58493687e-01 2.63973159e+01 3.16627116e-02 9.96872331e-01 7.24087593e-02 -8.22066554e+00 2.56823229e-01 -7.81270987e-02 9.63295378e-01 -5.89323299e+01
9.52122779e-01 -1.03430909e-02 -3.05540889e-01 3.00266204e+01 2.88112521e-02 9.98015170e-01 5.59967207e-02 -6.96996924e+00 3.04355263e-01 -6.21187689e-02 9.50530974e-01 -5.81696435e+01
9.43750080e-01 3.33416815e-03 -3.30642814e-01 6.27301376e+01 2.53522850e-02 9.96276068e-01 8.24090885e-02 -1.27464180e+01 3.29686289e-01 -8.61561347e-02 9.40151090e-01 -1.29618585e+02
9.77136051e-01 -3.38465692e-03 -2.12588056e-01 4.46128078e+01 2.29971786e-02 9.95689651e-01 8.98512586e-02 -1.39050986e+01 2.11367612e-01 -9.26858295e-02 9.73002091e-01 -1.35540760e+02
9.91317324e-01 -2.01363198e-02 -1.29940339e-01 1.64901336e+01 2.82354302e-02 9.97751063e-01 6.07912579e-02 -7.24805061e+00 1.28423999e-01 -6.39323485e-02 9.89656471e-01 -6.21587453e+01
9.99590799e-01 -2.08962491e-02 -1.95341161e-02 1.45907490e+01 2.23484999e-02 9.96753570e-01 7.73489828e-02 -1.18946434e+01 1.78543963e-02 -7.77538897e-02 9.96812697e-01 -1.41634807e+02
9.80135950e-01 1.92763839e-03 -1.98317433e-01 4.24047360e+01 1.80435655e-02 9.94939070e-01 9.88467307e-02 -1.53433370e+01 1.97504304e-01 -1.00461588e-01 9.75140769e-01 -1.36602272e+02
9.72270267e-01 -1.60335279e-03 -2.33854565e-01 4.78929622e+01 2.40609102e-02 9.95355612e-01 9.32109298e-02 -1.44196120e+01 2.32619003e-01 -9.62529693e-02 9.67793245e-01 -1.35278398e+02
9.73319223e-01 1.29982338e-02 -2.29086743e-01 4.71700108e+01 2.69642910e-02 9.84997133e-01 1.70451093e-01 -2.65069422e+01 2.27865348e-01 -1.72080487e-01 9.58366156e-01 -1.34230801e+02
9.84862108e-01 2.74247458e-03 -1.73317937e-01 3.85534961e+01 1.44876696e-02 9.95074041e-01 9.80701847e-02 -1.52987058e+01 1.72733134e-01 -9.90965819e-02 9.79970985e-01 -1.38190078e+02
9.80887813e-01 -2.00689525e-02 -1.93536392e-01 4.16442997e+01 3.33335497e-02 9.97293892e-01 6.55268437e-02 -9.94438020e+00 1.91697607e-01 -7.07257374e-02 9.78902394e-01 -1.37494127e+02
9.74520881e-01 1.81764859e-02 -2.23559090e-01 4.63262308e+01 1.37949761e-02 9.89967065e-01 1.40623289e-01 -2.19036062e+01 2.23872174e-01 -1.40124324e-01 9.64492832e-01 -1.36049611e+02
9.93787445e-01 3.87171125e-03 -1.11227352e-01 2.89253718e+01 1.29652577e-02 9.88562703e-01 1.50252069e-01 -2.34116981e+01 1.10536944e-01 -1.50760711e-01 9.82371005e-01 -1.39791891e+02
9.73811408e-01 -3.27269478e-03 -2.27333746e-01 4.68867156e+01 1.82415494e-02 9.97797535e-01 6.37755826e-02 -9.73685410e+00 2.26624333e-01 -6.62523096e-02 9.71726321e-01 -1.36870584e+02
9.76740138e-01 -3.45664143e-03 -2.14398586e-01 2.30141073e+01 2.53417333e-02 9.94723562e-01 9.94124348e-02 -1.01843181e+01 2.12923692e-01 -1.02533347e-01 9.71674027e-01 -6.21488493e+01
9.77551939e-01 1.54783149e-03 -2.10688897e-01 2.27205336e+01 1.90121020e-02 9.95245576e-01 9.55237314e-02 -9.96442121e+00 2.09835048e-01 -9.73850477e-02 9.72874815e-01 -6.26124984e+01
9.77243620e-01 -7.64402672e-04 -2.12118651e-01 2.28451624e+01 2.03328432e-02 9.95726376e-01 9.00863989e-02 -9.58891696e+00 2.11143274e-01 -9.23493339e-02 9.73082791e-01 -6.30486466e+01
9.83542032e-01 8.21257829e-03 -1.80492729e-01 3.96754785e+01 1.03577743e-02 9.94760768e-01 1.01704136e-01 -1.59106817e+01 1.80382338e-01 -1.01899796e-01 9.78303963e-01 -1.39687072e+02
9.80905726e-01 1.04684876e-02 -1.94201875e-01 4.18153922e+01 1.00627372e-02 9.94480895e-01 1.04434148e-01 -1.63448138e+01 1.94223322e-01 -1.04394256e-01 9.75386662e-01 -1.39641432e+02
9.93366688e-01 6.90937885e-03 -1.14781895e-01 2.93927495e+01 5.04065837e-03 9.94617150e-01 1.03495493e-01 -1.62639007e+01 1.14879131e-01 -1.03387551e-01 9.87984716e-01 -1.39529072e+02
9.79819036e-01 -1.14421399e-02 -1.99558849e-01 4.25370658e+01 3.26346342e-02 9.94121636e-01 1.03233492e-01 -1.58570565e+01 1.97204558e-01 -1.07662671e-01 9.74432713e-01 -1.36867949e+02
9.95958298e-01 -9.48445567e-03 -8.93146864e-02 2.54288640e+01 1.75074319e-02 9.95834894e-01 8.94782318e-02 -1.38307399e+01 8.80940289e-02 -9.06802583e-02 9.91976075e-01 -1.40008408e+02
9.84037471e-01 4.08285383e-02 -1.73214569e-01 3.85730689e+01 -1.83126242e-02 9.91391101e-01 1.29646953e-01 -2.04716287e+01 1.77016678e-01 -1.24405446e-01 9.76313669e-01 -1.40157739e+02
9.85888445e-01 2.83739178e-02 -1.64981498e-01 3.71958220e+01 3.30493914e-03 9.82040144e-01 1.88643138e-01 -2.94646488e+01 1.67370999e-01 -1.86526344e-01 9.68088256e-01 -1.36557214e+02
9.95607272e-01 1.26027442e-02 -9.27756985e-02 2.59627827e+01 -3.95140013e-03 9.95672330e-01 9.28493254e-02 -1.45889484e+01 9.35443522e-02 -9.20748697e-02 9.91348411e-01 -1.40621750e+02
9.93059033e-01 -1.52919289e-02 -1.16618667e-01 2.96978917e+01 2.76979700e-02 9.94031862e-01 1.05515309e-01 -1.62090353e+01 1.14309138e-01 -1.08013031e-01 9.87555875e-01 -1.40832830e+02
9.91837639e-01 -1.63663218e-02 -1.26452528e-01 3.11599475e+01 3.22335690e-02 9.91699211e-01 1.24473577e-01 -1.91795123e+01 1.23365698e-01 -1.27533595e-01 9.84132149e-01 -1.37701946e+02
9.84306495e-01 -9.36291241e-04 -1.76464860e-01 1.99763772e+01 2.10677244e-02 9.93457436e-01 1.12242928e-01 -1.13328793e+01 1.75205235e-01 -1.14199156e-01 9.77886332e-01 -6.17058889e+01
9.81489850e-01 1.40757739e-02 -1.90996198e-01 2.11231887e+01 6.56062990e-03 9.94238907e-01 1.06985762e-01 -1.10297226e+01 1.91401759e-01 -1.06258494e-01 9.75743050e-01 -6.26424346e+01
9.82388303e-01 1.93705378e-02 -1.85844032e-01 2.07044892e+01 1.01900970e-03 9.94041707e-01 1.08995621e-01 -1.12445033e+01 1.86848023e-01 -1.07265400e-01 9.76515207e-01 -6.27063449e+01
9.90226418e-01 -7.25500592e-03 -1.39280318e-01 3.31954550e+01 2.32162166e-02 9.93287459e-01 1.13318270e-01 -1.75874454e+01 1.37523268e-01 -1.15444307e-01 9.83747916e-01 -1.39221545e+02
9.85330906e-01 -1.00988737e-02 -1.70355563e-01 1.95695093e+01 2.73499987e-02 9.94689069e-01 9.92251701e-02 -1.03112335e+01 1.68448754e-01 -1.02428851e-01 9.80374086e-01 -6.28737740e+01
9.83696375e-01 3.23005583e-03 -1.79808255e-01 2.02864824e+01 1.61031001e-02 9.94240274e-01 1.05957386e-01 -1.08533594e+01 1.79114857e-01 -1.07125367e-01 9.77978539e-01 -6.30239771e+01
9.84355735e-01 -1.15578743e-03 -1.76188678e-01 2.00382367e+01 2.01242910e-02 9.94171899e-01 1.05911515e-01 -1.07949095e+01 1.75039422e-01 -1.07800280e-01 9.78642070e-01 -6.33188124e+01
9.88531283e-01 4.04002010e-03 -1.50962180e-01 3.50864092e+01 1.46797669e-02 9.92337352e-01 1.22682857e-01 -1.90656010e+01 1.50301052e-01 -1.23491932e-01 9.80897210e-01 -1.40052115e+02
9.89822343e-01 -4.35226517e-03 -1.42242000e-01 3.37253858e+01 2.11514755e-02 9.92929498e-01 1.16805941e-01 -1.81268802e+01 1.40727907e-01 -1.18625758e-01 9.82915859e-01 -1.40134364e+02
9.88959228e-01 -1.63841373e-02 -1.47279344e-01 3.45060928e+01 3.20132434e-02 9.94021698e-01 1.04383983e-01 -1.60930833e+01 1.44688622e-01 -1.07946393e-01 9.83571441e-01 -1.40356522e+02
9.89377297e-01 6.99362095e-03 -1.45202114e-01 3.42096975e+01 9.80672847e-03 9.93355725e-01 1.14665741e-01 -1.79767374e+01 1.45039280e-01 -1.14871638e-01 9.82735017e-01 -1.40360827e+02
9.90388969e-01 -1.71892617e-02 -1.37237819e-01 3.29605571e+01 3.26459743e-02 9.93263409e-01 1.11184718e-01 -1.71262527e+01 1.34402120e-01 -1.14596381e-01 9.84278284e-01 -1.40785824e+02
9.89044328e-01 9.37461123e-03 -1.47320854e-01 3.45481445e+01 8.46181817e-03 9.92740156e-01 1.19980748e-01 -1.87906780e+01 1.47376100e-01 -1.19912881e-01 9.81784694e-01 -1.40319608e+02
9.90066072e-01 -6.62122127e-03 -1.40446901e-01 3.34647052e+01 2.25427017e-02 9.93443725e-01 1.12077613e-01 -1.73989068e+01 1.38784002e-01 -1.14130294e-01 9.83724187e-01 -1.39982763e+02
9.87339521e-01 1.46122892e-02 -1.57946671e-01 3.62289908e+01 4.09601550e-03 9.93067126e-01 1.17477259e-01 -1.84355932e+01 1.58568259e-01 -1.16636893e-01 9.80434568e-01 -1.40645449e+02
9.90559394e-01 -1.16027900e-02 -1.36592319e-01 3.28862685e+01 2.65124784e-02 9.93813844e-01 1.07847728e-01 -1.67059814e+01 1.34496003e-01 -1.10450981e-01 9.84739258e-01 -1.40578443e+02
9.89233947e-01 8.70792686e-03 -1.46083438e-01 3.43893062e+01 7.62238421e-03 9.93807175e-01 1.10856656e-01 -1.74042442e+01 1.46144101e-01 -1.10776671e-01 9.83041419e-01 -1.41017374e+02
9.84382844e-01 1.70378843e-02 -1.75214517e-01 2.00039728e+01 5.40166812e-04 9.95008424e-01 9.97895017e-02 -1.05822071e+01 1.76040122e-01 -9.83257185e-02 9.79460019e-01 -6.43768480e+01
9.90095496e-01 1.46325912e-02 -1.39630931e-01 3.34169653e+01 1.83734959e-03 9.93118208e-01 1.17101878e-01 -1.84713749e+01 1.40383524e-01 -1.16198593e-01 9.83254979e-01 -1.41201778e+02
9.89942541e-01 2.02183452e-02 -1.40017801e-01 3.35205254e+01 -3.85204598e-03 9.93220125e-01 1.16184964e-01 -1.83770499e+01 1.41417566e-01 -1.14477083e-01 9.83308736e-01 -1.41366397e+02
9.91056645e-01 -9.69871999e-03 -1.33088923e-01 3.24773025e+01 2.46280855e-02 9.93515937e-01 1.10993421e-01 -1.72304897e+01 1.31149472e-01 -1.13278493e-01 9.84869432e-01 -1.41324435e+02
9.91804247e-01 6.01858245e-03 -1.27624886e-01 3.16674161e+01 9.13217542e-03 9.92995771e-01 1.17796441e-01 -1.84811715e+01 1.27439940e-01 -1.17996503e-01 9.84802461e-01 -1.41390142e+02
9.90760067e-01 2.24909818e-02 -1.33748440e-01 3.26614064e+01 -6.38325624e-03 9.92794138e-01 1.19662251e-01 -1.89647352e+01 1.35475989e-01 -1.17702830e-01 9.83764352e-01 -1.41592190e+02
9.94475122e-01 -5.95361274e-03 -1.04803558e-01 2.81843398e+01 1.99391439e-02 9.90927600e-01 1.32909451e-01 -2.07472826e+01 1.03061447e-01 -1.34264836e-01 9.85571556e-01 -1.42047560e+02
9.94477478e-01 -2.00310122e-02 -1.03020896e-01 2.79386007e+01 3.03531190e-02 9.94562034e-01 9.96245362e-02 -1.54271317e+01 1.00465091e-01 -1.02201363e-01 9.89677547e-01 -1.42374440e+02
9.93225725e-01 -3.89011781e-02 -1.09495925e-01 2.89707535e+01 4.91330437e-02 9.94513221e-01 9.23547340e-02 -1.40843623e+01 1.05302437e-01 -9.71089657e-02 9.89687448e-01 -1.41997114e+02
9.94088826e-01 -2.65942826e-03 -1.08537241e-01 2.88634601e+01 1.55633187e-02 9.92865903e-01 1.18216249e-01 -1.85064860e+01 1.07448538e-01 -1.19206652e-01 9.87038290e-01 -1.42730833e+02
9.93698821e-01 -3.34631522e-02 -1.06971356e-01 2.86404964e+01 4.35301847e-02 9.94694903e-01 9.32050100e-02 -1.42723385e+01 1.03284929e-01 -9.72741914e-02 9.89883809e-01 -1.42097387e+02
9.91438406e-01 -4.05727999e-02 -1.24111784e-01 1.67916761e+01 4.89951755e-02 9.96643833e-01 6.55785267e-02 -7.77622186e+00 1.21034539e-01 -7.10979486e-02 9.90098845e-01 -6.52723826e+01
9.92539647e-01 -4.53235602e-02 -1.13184910e-01 2.96564542e+01 5.71334132e-02 9.92999824e-01 1.03378537e-01 -1.56063161e+01 1.07707113e-01 -1.09073937e-01 9.88181185e-01 -1.42335353e+02
9.94041046e-01 -3.27817845e-02 -1.03960345e-01 2.82559491e+01 4.41189266e-02 9.93094961e-01 1.08701052e-01 -1.65637946e+01 9.96790806e-02 -1.12639926e-01 9.88623451e-01 -1.42495807e+02
9.92660579e-01 -4.62470979e-02 -1.11741580e-01 2.94664094e+01 5.77808522e-02 9.93075196e-01 1.02288945e-01 -1.53877730e+01 1.06237225e-01 -1.07994727e-01 9.88458796e-01 -1.42254093e+02
9.94108970e-01 -4.50193894e-04 -1.08384284e-01 2.89647207e+01 1.33924959e-02 9.92838279e-01 1.18713065e-01 -1.84903928e+01 1.07554622e-01 -1.19465259e-01 9.86995469e-01 -1.42131053e+02
9.93145788e-01 -4.45961907e-02 -1.08039920e-01 2.88600312e+01 5.61596150e-02 9.92728935e-01 1.06467647e-01 -1.60910935e+01 1.02506304e-01 -1.11805376e-01 9.88429065e-01 -1.42226434e+02
9.91186936e-01 -4.53499142e-02 -1.24466234e-01 3.13452248e+01 5.86483279e-02 9.92704363e-01 1.05349043e-01 -1.58902467e+01 1.18780604e-01 -1.11720332e-01 9.86615293e-01 -1.42337085e+02
9.92447870e-01 -2.47796821e-02 -1.20138220e-01 3.05982564e+01 3.80656259e-02 9.93247875e-01 1.09588628e-01 -1.68321484e+01 1.16611460e-01 -1.13334137e-01 9.86689992e-01 -1.41846263e+02
9.91273570e-01 -2.72670755e-02 -1.28969823e-01 3.18562540e+01 4.13440434e-02 9.93316358e-01 1.07764942e-01 -1.65472434e+01 1.25169400e-01 -1.12156673e-01 9.85775584e-01 -1.41470415e+02
9.89782348e-01 -4.43688336e-02 -1.35507603e-01 3.27285317e+01 5.78490483e-02 9.93580333e-01 9.72193886e-02 -1.47097273e+01 1.30324178e-01 -1.04065021e-01 9.85994970e-01 -1.41632824e+02
9.86356418e-01 -4.54293045e-02 -1.58231460e-01 3.60903864e+01 6.02628809e-02 9.94094646e-01 9.02453342e-02 -1.35893095e+01 1.53197265e-01 -9.85495483e-02 9.83269335e-01 -1.40742879e+02
9.85389386e-01 -6.09548789e-02 -1.59035409e-01 1.92083725e+01 6.84979456e-02 9.96750593e-01 4.23826167e-02 -6.03149109e+00 1.55935211e-01 -5.26569795e-02 9.86362739e-01 -6.54848325e+01
9.80269558e-01 -3.79231383e-02 -1.93993373e-01 4.12640101e+01 5.73689213e-02 9.93762992e-01 9.56238629e-02 -1.44228538e+01 1.89157078e-01 -1.04866352e-01 9.76331218e-01 -1.39672227e+02
9.77508305e-01 -4.19716749e-02 -2.06678235e-01 4.30013507e+01 6.32139932e-02 9.93248328e-01 9.72715263e-02 -1.45632213e+01 2.01200163e-01 -1.08148681e-01 9.73561686e-01 -1.39355689e+02
9.76000245e-01 -3.33907693e-02 -2.15194280e-01 4.40885365e+01 5.54828684e-02 9.93692476e-01 9.74521111e-02 -1.46281657e+01 2.10582936e-01 -1.07052880e-01 9.71696716e-01 -1.39406650e+02
9.66482525e-01 -2.14644723e-02 -2.55833550e-01 5.00267555e+01 5.00638507e-02 9.93125642e-01 1.05806760e-01 -1.59787862e+01 2.51803773e-01 -1.15068397e-01 9.60913172e-01 -1.36914495e+02
9.62686361e-01 -2.62846098e-02 -2.69340101e-01 5.18440938e+01 5.53075597e-02 9.93374292e-01 1.00740208e-01 -1.50985266e+01 2.64907616e-01 -1.11877768e-01 9.57761620e-01 -1.36870795e+02
9.49478454e-01 1.12295486e-02 -3.13631252e-01 5.82222806e+01 2.47742090e-02 9.93558953e-01 1.10575066e-01 -1.69847986e+01 3.12852846e-01 -1.12758608e-01 9.43084616e-01 -1.33579391e+02
9.39018131e-01 -2.03348026e-02 -3.43265853e-01 6.23926173e+01 6.17837924e-02 9.91981936e-01 1.10247914e-01 -1.64880163e+01 3.38271656e-01 -1.24733057e-01 9.32745384e-01 -1.31965538e+02
9.24174693e-01 5.80150032e-03 -3.81926013e-01 6.81263590e+01 4.31029017e-02 9.91914190e-01 1.19366578e-01 -1.81066343e+01 3.79530337e-01 -1.26777690e-01 9.16451930e-01 -1.29956448e+02
9.02142652e-01 9.22724784e-02 -4.21455128e-01 7.37110412e+01 -2.83304361e-02 9.87422983e-01 1.55541757e-01 -2.46122448e+01 4.30506704e-01 -1.28380846e-01 8.93410508e-01 -1.25901029e+02
8.89279822e-01 7.62065458e-02 -4.50970022e-01 7.75210266e+01 -2.87111684e-02 9.93377820e-01 1.11248259e-01 -1.76273225e+01 4.56461463e-01 -8.59829555e-02 8.85578830e-01 -1.23812652e+02
8.84409091e-01 3.07668502e-02 -4.65697283e-01 3.90253465e+01 -3.23152432e-03 9.98204515e-01 5.98105685e-02 -7.73868187e+00 4.66701314e-01 -5.13920985e-02 8.82920572e-01 -5.69052596e+01
7.86742028e-01 -2.07602576e-01 -5.81324481e-01 9.57213272e+01 -3.35883651e-01 -9.34100960e-01 -1.20985821e-01 1.47167454e+01 -5.17898788e-01 2.90442019e-01 -8.04626795e-01 1.23270488e+02
8.09890763e-01 -2.21718727e-01 -5.43063310e-01 9.62792320e+01 -3.35572179e-01 -9.34477021e-01 -1.18928588e-01 1.48650392e+01 -4.81111489e-01 2.78556103e-01 -8.31226944e-01 1.24329054e+02
8.32886255e-01 -2.36743103e-01 -5.00253125e-01 9.67488572e+01 -3.36849352e-01 -9.34033475e-01 -1.18802282e-01 1.49612019e+01 -4.39127544e-01 2.67458729e-01 -8.57690404e-01 1.25105024e+02
8.52000951e-01 -2.49464949e-01 -4.60284280e-01 9.70241236e+01 -3.38137299e-01 -9.33413313e-01 -1.20011475e-01 1.51005008e+01 -3.99696818e-01 2.57889174e-01 -8.79622435e-01 1.25963365e+02
8.71299739e-01 -2.61109979e-01 -4.15521774e-01 9.72803331e+01 -3.38275010e-01 -9.32967070e-01 -1.23054722e-01 1.51821020e+01 -3.55537316e-01 2.47778180e-01 -9.01220944e-01 1.26610387e+02
8.89225671e-01 -2.70309825e-01 -3.69066802e-01 9.78145657e+01 -3.36523709e-01 -9.33007831e-01 -1.27468352e-01 1.53874874e+01 -3.09886268e-01 2.37547859e-01 -9.20620180e-01 1.28277486e+02
9.05699598e-01 -2.78206430e-01 -3.19858440e-01 9.82205548e+01 -3.33480077e-01 -9.33412866e-01 -1.32406418e-01 1.56190307e+01 -2.61723666e-01 2.26586856e-01 -9.38167959e-01 1.29694384e+02
-5.32249467e-01 6.15832426e-01 5.80913874e-01 -8.90265328e+11 -3.12228009e-01 -7.80603548e-01 5.41453388e-01 6.75922058e+11 7.86907984e-01 1.06810695e-01 6.07755954e-01 8.09513878e+12
-5.76467151e-01 6.06378120e-01 5.47714523e-01 -8.90265328e+11 -3.07292131e-01 -7.81971805e-01 5.42302169e-01 6.75922058e+11 7.57137484e-01 1.44311024e-01 6.37116284e-01 8.09513878e+12
-6.16662577e-01 5.93560507e-01 5.17120094e-01 -8.90265328e+11 -3.03338508e-01 -7.85322775e-01 5.39679432e-01 6.75922058e+11 7.26438584e-01 1.75937672e-01 6.64328924e-01 8.09513878e+12
-6.55611223e-01 5.81068472e-01 4.82217125e-01 -8.90265328e+11 -3.01420156e-01 -7.86918742e-01 5.38428066e-01 6.75922058e+11 6.92329267e-01 2.07649522e-01 6.91058509e-01 8.09513878e+12
-6.92026274e-01 5.68960655e-01 4.44278527e-01 -8.90265328e+11 -3.02595220e-01 -7.87408255e-01 5.37051555e-01 6.75922058e+11 6.55389784e-01 2.37217228e-01 7.17071976e-01 8.09513878e+12
-7.29202403e-01 5.53531881e-01 4.02326127e-01 -8.90265328e+11 -3.03292952e-01 -7.88471777e-01 5.35094050e-01 6.75922058e+11 6.13414412e-01 2.68169188e-01 7.42837833e-01 8.09513878e+12
-7.61122322e-01 5.38964053e-01 3.60847004e-01 -8.90265328e+11 -3.07154480e-01 -7.89509765e-01 5.31347773e-01 6.75922058e+11 5.71269583e-01 2.93584877e-01 7.66458729e-01 8.09513878e+12
-7.62537595e-01 5.45889374e-01 3.47190448e-01 -1.59533409e+12 -2.98751233e-01 -7.73141363e-01 5.59464148e-01 5.11970816e+11 5.73832830e-01 3.22888872e-01 7.52634479e-01 7.50064379e+12
-7.91971350e-01 5.33226323e-01 2.97407245e-01 -2.02389329e+12 -3.01376487e-01 -7.65039429e-01 5.69110609e-01 5.09611741e+11 5.30993026e-01 3.61087747e-01 7.66591185e-01 7.11637006e+12
-8.21838014e-01 5.17128263e-01 2.39082911e-01 -2.36869269e+12 -3.01583847e-01 -7.50913165e-01 5.87517320e-01 4.53680594e+11 4.83352317e-01 4.10740524e-01 7.73086515e-01 6.74827401e+12
-8.77948751e-01 4.56358109e-01 1.44717887e-01 -2.35041222e+12 -3.22423465e-01 -7.87057653e-01 5.25911933e-01 8.32385317e+11 3.53905496e-01 4.15063282e-01 8.38136846e-01 6.53583966e+12
-8.66079565e-01 4.73591248e-01 1.60054729e-01 -2.96157567e+12 -2.96850815e-01 -7.44826680e-01 5.97589165e-01 4.52842880e+11 4.02226031e-01 4.70047388e-01 7.85665115e-01 5.91270822e+12
-9.26909408e-01 3.74563235e-01 2.32665494e-02 -2.47975581e+12 -2.95084640e-01 -7.65726680e-01 5.71478528e-01 6.28478479e+11 2.31870664e-01 5.22843223e-01 8.20287120e-01 5.58179440e+12
-9.18424719e-01 3.91073368e-01 5.96460903e-02 -2.93209229e+12 -2.65919304e-01 -7.21936516e-01 6.38822816e-01 2.72852336e+11 2.92887281e-01 5.70849619e-01 7.67038300e-01 4.82312839e+12
-9.32187754e-01 3.61025039e-01 -2.62090076e-02 -2.88558056e+12 -3.04416457e-01 -7.42724938e-01 5.96397760e-01 4.75553409e+11 1.95848441e-01 5.63933142e-01 8.02261055e-01 4.89200655e+12
-9.35167845e-01 3.49425007e-01 -5.79936783e-02 -3.01063468e+12 -3.14177557e-01 -7.42687387e-01 5.91361063e-01 4.28886223e+11 1.63565171e-01 5.71242163e-01 8.04318858e-01 4.62446334e+12
-9.34634267e-01 3.44234166e-01 -8.92279422e-02 -3.13891300e+12 -3.28010834e-01 -7.37596860e-01 5.90220099e-01 3.80414364e+11 1.37359674e-01 5.80907662e-01 8.02295836e-01 4.33924086e+12
-9.40741844e-01 3.20102324e-01 -1.11978952e-01 -3.18400079e+12 -3.22914339e-01 -7.44667737e-01 5.84120100e-01 4.04697430e+11 1.03591089e-01 5.85665829e-01 8.03905730e-01 4.06518153e+12
-9.45198401e-01 2.96596595e-01 -1.36493377e-01 -3.23895339e+12 -3.18523208e-01 -7.45845329e-01 5.85027958e-01 4.27447717e+11 7.17143526e-02 5.96443798e-01 7.99444712e-01 3.80883237e+12
-9.54686137e-01 1.40713246e-01 -2.62248283e-01 -2.12096052e+12 -2.89552005e-01 -6.42864489e-01 7.09143769e-01 -2.74873305e+11 -6.88041867e-02 7.52944242e-01 6.54477618e-01 2.75201865e+12
-9.53797846e-01 1.29401014e-01 -2.71155022e-01 -2.12096052e+12 -2.89336523e-01 -6.38780706e-01 7.12912047e-01 -2.74873305e+11 -8.09570548e-02 7.58429026e-01 6.46708101e-01 2.75201865e+12
-9.51823912e-01 1.23032148e-01 -2.80881346e-01 -2.12096052e+12 -2.93060657e-01 -6.34586197e-01 7.15133421e-01 -2.74873305e+11 -9.02590244e-02 7.62996362e-01 6.40070199e-01 2.75201865e+12
-9.51673177e-01 1.17089494e-01 -2.83915859e-01 -2.12096052e+12 -2.91533203e-01 -6.35134644e-01 7.15270840e-01 -2.74873305e+11 -9.65740974e-02 7.63474973e-01 6.38576080e-01 2.75201865e+12
-9.53347115e-01 1.10322516e-01 -2.80995056e-01 -2.12096052e+12 -2.84659647e-01 -6.38393633e-01 7.15138067e-01 -2.74873305e+11 -1.00489624e-01 7.61762766e-01 6.40015096e-01 2.75201865e+12
-9.53586382e-01 1.10250725e-01 -2.80210261e-01 -2.12096052e+12 -2.83831440e-01 -6.39867750e-01 7.14149127e-01 -2.74873305e+11 -1.00562051e-01 7.60535364e-01 6.41461794e-01 2.75201865e+12
-9.53404546e-01 1.12649303e-01 -2.79874805e-01 -2.12096052e+12 -2.85071386e-01 -6.40058384e-01 7.13484106e-01 -2.74873305e+11 -9.87627283e-02 7.60023289e-01 6.42347666e-01 2.75201865e+12
-9.51984968e-01 1.16172875e-01 -2.83246332e-01 -2.12096052e+12 -2.89945867e-01 -6.39103383e-01 7.12375083e-01 -2.74873305e+11 -9.82650273e-02 7.60296474e-01 6.42100659e-01 2.75201865e+12
-9.51810519e-01 1.17266603e-01 -2.83381862e-01 -2.12096052e+12 -2.90952597e-01 -6.37430056e-01 7.13463040e-01 -2.74873305e+11 -9.69707296e-02 7.61532315e-01 6.40831655e-01 2.75201865e+12
-9.51815145e-01 1.19074902e-01 -2.82611213e-01 -2.12096052e+12 -2.91631148e-01 -6.36508987e-01 7.14008111e-01 -2.74873305e+11 -9.48641315e-02 7.62021966e-01 6.40564844e-01 2.75201865e+12
-9.52074425e-01 1.19307325e-01 -2.81638157e-01 -2.12096052e+12 -2.91010654e-01 -6.36809497e-01 7.13993322e-01 -2.74873305e+11 -9.41652194e-02 7.61734486e-01 6.41009738e-01 2.75201865e+12
-9.51293951e-01 1.20410827e-01 -2.83797552e-01 -2.12096052e+12 -2.93293299e-01 -6.37071862e-01 7.12824301e-01 -2.74873305e+11 -9.49676711e-02 7.61341366e-01 6.41358297e-01 2.75201865e+12
-9.51342839e-01 1.20481615e-01 -2.83603567e-01 -2.12096052e+12 -2.93051754e-01 -6.38200044e-01 7.11913881e-01 -2.74873305e+11 -9.52232746e-02 7.60384695e-01 6.42454390e-01 2.75201865e+12
-9.51341214e-01 1.19423809e-01 -2.84056064e-01 -2.12096052e+12 -2.92476840e-01 -6.40126053e-01 7.10419548e-01 -2.74873305e+11 -9.69906790e-02 7.58931215e-01 6.43906995e-01 2.75201865e+12
-9.50535099e-01 1.18930332e-01 -2.86947037e-01 -2.12096052e+12 -2.94202735e-01 -6.41042964e-01 7.08878458e-01 -2.74873305e+11 -9.96382287e-02 7.58234459e-01 6.44323466e-01 2.75201865e+12
-9.50094163e-01 1.18420957e-01 -2.88613163e-01 -2.12096052e+12 -2.95043984e-01 -6.41631213e-01 7.07996069e-01 -2.74873305e+11 -1.01341642e-01 7.57816510e-01 6.44549462e-01 2.75201865e+12
-9.50747729e-01 1.15294514e-01 -2.87725444e-01 -2.12096052e+12 -2.92098561e-01 -6.43853612e-01 7.07199375e-01 -2.74873305e+11 -1.03716858e-01 7.56412388e-01 6.45819721e-01 2.75201865e+12
-9.50924151e-01 1.13637466e-01 -2.87801642e-01 -2.12096052e+12 -2.90920632e-01 -6.45166857e-01 7.06487730e-01 -2.74873305e+11 -1.05396606e-01 7.55543680e-01 6.46564229e-01 2.75201865e+12
-9.50091067e-01 1.14022205e-01 -2.90389225e-01 -2.12096052e+12 -2.93046434e-01 -6.45455019e-01 7.05345026e-01 -2.74873305e+11 -1.07008188e-01 7.55239535e-01 6.46654849e-01 2.75201865e+12
-9.49386759e-01 1.16156053e-01 -2.91843372e-01 -2.12096052e+12 -2.96039602e-01 -6.41468870e-01 7.07727520e-01 -2.74873305e+11 -1.05001603e-01 7.58304332e-01 6.43388843e-01 2.75201865e+12
-9.49555792e-01 1.14816655e-01 -2.91823462e-01 -2.12096052e+12 -2.95664882e-01 -6.37950700e-01 7.11056385e-01 -2.74873305e+11 -1.04527866e-01 7.61469658e-01 6.39717035e-01 2.75201865e+12
-9.49828898e-01 1.14106978e-01 -2.91212400e-01 -2.12096052e+12 -2.94862515e-01 -6.37208911e-01 7.12054001e-01 -2.74873305e+11 -1.04312806e-01 7.62197088e-01 6.38885309e-01 2.75201865e+12
-9.48227092e-01 1.15737332e-01 -2.95753702e-01 -2.12096052e+12 -2.99197143e-01 -6.37870738e-01 7.09649203e-01 -2.74873305e+11 -1.06519726e-01 7.61397263e-01 6.39474594e-01 2.75201865e+12
-9.47190080e-01 1.16701201e-01 -2.98683414e-01 -2.12096052e+12 -3.01639638e-01 -6.40362906e-01 7.06363134e-01 -2.74873305e+11 -1.08832353e-01 7.59154911e-01 6.41747100e-01 2.75201865e+12
-9.46283874e-01 1.17264281e-01 -3.01323609e-01 -2.12096052e+12 -3.03532314e-01 -6.43307600e-01 7.02868029e-01 -2.74873305e+11 -1.11422454e-01 7.56574134e-01 6.44345107e-01 2.75201865e+12
-9.45407388e-01 1.19748534e-01 -3.03092659e-01 -2.12096052e+12 -3.05857599e-01 -6.47089698e-01 6.98373862e-01 -2.74873305e+11 -1.12498891e-01 7.52951002e-01 6.48389381e-01 2.75201865e+12
-9.44699088e-01 1.21491959e-01 -3.04603574e-01 -2.12096052e+12 -3.07975350e-01 -6.47806222e-01 6.96777068e-01 -2.74873305e+11 -1.12671279e-01 7.52055053e-01 6.49398476e-01 2.75201865e+12
-9.45352837e-01 1.21040596e-01 -3.02749380e-01 -2.12096052e+12 -3.07008076e-01 -6.43120591e-01 7.01528293e-01 -2.74873305e+11 -1.09790957e-01 7.56138267e-01 6.45136316e-01 2.75201865e+12
-9.46637830e-01 1.19512864e-01 -2.99321725e-01 -2.12096052e+12 -3.04665429e-01 -6.34800815e-01 7.10075279e-01 -2.74873305e+11 -1.05146545e-01 7.63377103e-01 6.37337904e-01 2.75201865e+12
-9.46728190e-01 1.19770868e-01 -2.98932555e-01 -2.12096052e+12 -3.05114503e-01 -6.30532588e-01 7.13676254e-01 -2.74873305e+11 -1.03009093e-01 7.66866086e-01 6.33486805e-01 2.75201865e+12
-9.46605659e-01 1.20915937e-01 -2.98859602e-01 -2.12096052e+12 -3.05176806e-01 -6.34955323e-01 7.09717447e-01 -2.74873305e+11 -1.03946345e-01 7.63027571e-01 6.37953041e-01 2.75201865e+12
-9.47396708e-01 1.19942927e-01 -2.96737547e-01 -2.12096052e+12 -3.02105391e-01 -6.41290927e-01 7.05321401e-01 -2.74873305e+11 -1.05696784e-01 7.57865186e-01 6.43792318e-01 2.75201865e+12
-9.47819001e-01 1.18200917e-01 -2.96087293e-01 -2.12096052e+12 -3.00164169e-01 -6.43808637e-01 7.03855035e-01 -2.74873305e+11 -1.07427246e-01 7.56001972e-01 6.45693739e-01 2.75201865e+12
-9.47581981e-01 1.18890569e-01 -2.96569421e-01 -2.12096052e+12 -3.01039020e-01 -6.43248360e-01 7.03993647e-01 -2.74873305e+11 -1.07069589e-01 7.56370663e-01 6.45321256e-01 2.75201865e+12
-9.46557129e-01 1.20280623e-01 -2.99269399e-01 -2.12096052e+12 -3.04080852e-01 -6.42155813e-01 7.03683699e-01 -2.74873305e+11 -1.07538071e-01 7.57078915e-01 6.44412197e-01 2.75201865e+12
-9.45652909e-01 1.19680076e-01 -3.02352864e-01 -2.12096052e+12 -3.06111061e-01 -6.41342517e-01 7.03545161e-01 -2.74873305e+11 -1.09711408e-01 7.57863085e-01 6.43122812e-01 2.75201865e+12
-9.45276424e-01 1.18116325e-01 -3.04139795e-01 -2.12096052e+12 -3.06450583e-01 -6.41365330e-01 7.03376538e-01 -2.74873305e+11 -1.11984469e-01 7.58089076e-01 6.42464342e-01 2.75201865e+12
-9.43483231e-01 1.18935007e-01 -3.09344236e-01 -2.12096052e+12 -3.10885732e-01 -6.41047106e-01 7.01718369e-01 -2.74873305e+11 -1.14845348e-01 7.58230224e-01 6.41792392e-01 2.75201865e+12
-9.42492725e-01 1.19099324e-01 -3.12286429e-01 -2.12096052e+12 -3.13248300e-01 -6.40583223e-01 7.01091033e-01 -2.74873305e+11 -1.16545979e-01 7.58596391e-01 6.41052689e-01 2.75201865e+12
-9.41246826e-01 1.19123634e-01 -3.16012615e-01 -2.12096052e+12 -3.15923780e-01 -6.41288926e-01 6.99242933e-01 -2.74873305e+11 -1.19359031e-01 7.57996091e-01 6.41245154e-01 2.75201865e+12
-9.40400573e-01 1.18309071e-01 -3.18825542e-01 -2.12096052e+12 -3.17355333e-01 -6.42198197e-01 6.97758604e-01 -2.74873305e+11 -1.22198016e-01 7.57353577e-01 6.41469567e-01 2.75201865e+12
-9.39516079e-01 1.17676806e-01 -3.21654639e-01 -2.12096052e+12 -3.19087881e-01 -6.42011380e-01 6.97140095e-01 -2.74873305e+11 -1.24468719e-01 7.57610426e-01 6.40729257e-01 2.75201865e+12
-9.38962976e-01 1.17156532e-01 -3.23454599e-01 -2.12096052e+12 -3.20235505e-01 -6.41177655e-01 6.97381126e-01 -2.74873305e+11 -1.25689108e-01 7.58396704e-01 6.39559760e-01 2.75201865e+12
-9.38538221e-01 1.15341062e-01 -3.25334363e-01 -2.12096052e+12 -3.20725853e-01 -6.39810164e-01 6.98410969e-01 -2.74873305e+11 -1.27596769e-01 7.59828529e-01 6.37479153e-01 2.75201865e+12
-9.38772235e-01 1.11512517e-01 -3.25993327e-01 -2.12096052e+12 -3.18798884e-01 -6.39981669e-01 6.99135706e-01 -2.74873305e+11 -1.30667371e-01 7.60255498e-01 6.36347088e-01 2.75201865e+12
-9.39582557e-01 1.09203348e-01 -3.24436816e-01 -2.12096052e+12 -3.16218902e-01 -6.39872497e-01 7.00406164e-01 -2.74873305e+11 -1.31111498e-01 7.60682468e-01 6.35745199e-01 2.75201865e+12
