1.00000000e+00 0.00000000e+00 0.00000000e+00 0.00000000e+00 0.00000000e+00 1.00000000e+00 0.00000000e+00 0.00000000e+00 0.00000000e+00 0.00000000e+00 1.00000000e+00 0.00000000e+00
9.99995888e-01 2.74231527e-03 -8.39283299e-04 1.15710459e-02 -2.74505062e-03 9.99990868e-01 -3.27554377e-03 5.35594234e-03 8.30293060e-04 3.27783418e-03 9.99994283e-01 -3.01119094e-01
9.99993542e-01 3.57424348e-03 3.73889172e-04 2.24355750e-02 -3.57256304e-03 9.99983927e-01 -4.40252437e-03 1.82638489e-02 -3.89618857e-04 4.40116019e-03 9.99990239e-01 -6.29120556e-01
9.99998081e-01 1.82598338e-03 7.09183019e-04 5.14142554e-02 -1.82324378e-03 9.99990947e-01 -3.84465077e-03 3.94116375e-02 -7.16196868e-04 3.84335038e-03 9.99992358e-01 -2.05616037e+00
9.99997386e-01 2.27103016e-03 2.64438963e-04 1.34406214e-01 -2.27010278e-03 9.99991451e-01 -3.45597697e-03 3.93056407e-02 -2.72285330e-04 3.45536763e-03 9.99993993e-01 -3.48123648e+00
9.99995480e-01 2.62417344e-03 1.46785596e-03 1.42673945e-01 -2.61859332e-03 9.99989387e-01 -3.79063339e-03 1.33930405e-01 -1.47778766e-03 3.78677253e-03 9.99991738e-01 -6.61753076e+00
9.99992944e-01 1.82088053e-03 3.28589374e-03 1.00370589e-01 -1.80542439e-03 9.99987322e-01 -4.70063508e-03 2.39987721e-01 -3.29441138e-03 4.69466948e-03 9.99983553e-01 -9.32385027e+00
9.99978667e-01 4.17172294e-03 5.02618344e-03 9.74967097e-02 -4.15176712e-03 9.99983484e-01 -3.97428481e-03 2.90700354e-01 -5.04268005e-03 3.95333248e-03 9.99979471e-01 -1.17177198e+01
9.99969045e-01 4.95239103e-03 6.11422701e-03 4.03302780e-02 -4.92561392e-03 9.99978247e-01 -4.38679342e-03 3.72463911e-01 -6.13581913e-03 4.35654130e-03 9.99971686e-01 -1.43183165e+01
9.99954936e-01 5.06727218e-03 8.02802467e-03 -5.15074336e-02 -5.03075746e-03 9.99976939e-01 -4.56208946e-03 4.46126606e-01 -8.05095688e-03 4.52149683e-03 9.99957368e-01 -1.66434076e+01
9.99952435e-01 4.29902259e-03 8.75474601e-03 -5.33219964e-02 -4.25858858e-03 9.99980205e-01 -4.63194037e-03 5.04604519e-01 -8.77448553e-03 4.59443719e-03 9.99950949e-01 -1.88902100e+01
9.99955110e-01 2.66645943e-03 9.09223676e-03 -9.48876012e-02 -2.61958382e-03 9.99983237e-01 -5.16358175e-03 5.68179627e-01 -9.10585283e-03 5.13953208e-03 9.99945333e-01 -2.11113703e+01
9.99953092e-01 1.95475900e-03 9.48646160e-03 -7.69501802e-02 -1.90064866e-03 9.99981894e-01 -5.70962079e-03 6.01875542e-01 -9.49745077e-03 5.69132253e-03 9.99938702e-01 -2.31257022e+01
9.98907878e-01 3.66646858e-02 2.89612110e-02 -8.07881495e-01 -3.71160456e-02 9.99195294e-01 1.52040882e-02 -7.08118713e-02 -2.83804526e-02 -1.62624091e-02 9.99464899e-01 -2.47080557e+01
9.99929883e-01 -5.31848877e-03 1.05803390e-02 -1.36361842e-01 5.30424817e-03 9.99984989e-01 1.37355558e-03 3.72252424e-01 -1.05874854e-02 -1.31733853e-03 9.99943083e-01 -2.41281695e+01
9.99602327e-01 1.99034535e-02 1.99759814e-02 -4.49255710e-01 -2.00696018e-02 9.99765353e-01 8.15166043e-03 1.47465855e-01 -1.98090479e-02 -8.54932873e-03 9.99767228e-01 -2.46150187e+01
9.99387046e-01 2.53491755e-02 2.41443824e-02 -6.07080478e-01 -2.56215313e-02 9.99610769e-01 1.10384989e-02 5.63168570e-02 -2.38551678e-02 -1.16503489e-02 9.99647538e-01 -2.51183428e+01
9.98919379e-01 3.78499258e-02 2.69714166e-02 -6.79942505e-01 -3.80121742e-02 9.99261984e-01 5.52827776e-03 2.35349173e-01 -2.67422664e-02 -6.54754597e-03 9.99620919e-01 -2.51024247e+01
9.99542791e-01 2.35256534e-02 1.89935054e-02 -4.03957485e-01 -2.36858941e-02 9.99685358e-01 8.25616274e-03 1.54256317e-01 -1.87932976e-02 -8.70226611e-03 9.99785518e-01 -2.54670554e+01
9.98607598e-01 4.34103608e-02 2.99734237e-02 -8.13317590e-01 -4.39819431e-02 9.98857653e-01 1.86809317e-02 -1.68909576e-01 -2.91282377e-02 -1.99732098e-02 9.99376114e-01 -2.60941133e+01
9.98210617e-01 5.20990585e-02 2.93471029e-02 -7.72349384e-01 -5.27558471e-02 9.98363563e-01 2.20684476e-02 -2.88873413e-01 -2.81493328e-02 -2.35771899e-02 9.99325638e-01 -2.63561711e+01
9.98073840e-01 5.43567024e-02 2.98991280e-02 -8.10525763e-01 -5.50277680e-02 9.98240251e-01 2.20985539e-02 -2.87028849e-01 -2.86453085e-02 -2.37012709e-02 9.99308609e-01 -2.68484623e+01
9.97656928e-01 6.21516740e-02 2.85976267e-02 -7.18869220e-01 -6.24986368e-02 9.97979915e-01 1.14021901e-02 5.16862942e-02 -2.78311919e-02 -1.31627867e-02 9.99525971e-01 -2.65205188e+01
9.92832230e-01 1.08741199e-01 4.95935002e-02 -1.47456440e+00 -1.10257642e-01 9.93481794e-01 2.89340269e-02 -5.28253297e-01 -4.61239188e-02 -3.41946969e-02 9.98350293e-01 -2.74741227e+01
9.94515509e-01 9.64027830e-02 4.05636098e-02 -1.14774778e+00 -9.76638932e-02 9.94756697e-01 3.03459774e-02 -5.90238464e-01 -3.74254858e-02 -3.41411452e-02 9.98716033e-01 -2.74501955e+01
9.94869099e-01 9.17506299e-02 4.26297783e-02 -1.25586701e+00 -9.31076602e-02 9.95172839e-01 3.10158564e-02 -5.58623340e-01 -3.95782732e-02 -3.48258760e-02 9.98609392e-01 -2.79485855e+01
9.94932961e-01 9.20280172e-02 4.04876173e-02 -1.17166409e+00 -9.33382922e-02 9.95127915e-01 3.17552538e-02 -6.02146858e-01 -3.73679851e-02 -3.53733937e-02 9.98675301e-01 -2.78964827e+01
9.94759174e-01 9.36763905e-02 4.09746297e-02 -1.20818143e+00 -9.49459306e-02 9.95023740e-01 3.02163323e-02 -5.33554176e-01 -3.79401723e-02 -3.39483481e-02 9.98703186e-01 -2.83079738e+01
9.94565740e-01 9.50003604e-02 4.25901535e-02 -1.29676586e+00 -9.62597082e-02 9.94946454e-01 2.85590932e-02 -4.75563731e-01 -3.96617981e-02 -3.25036114e-02 9.98684363e-01 -2.85916222e+01
9.93868645e-01 1.03558316e-01 3.87400506e-02 -1.11969877e+00 -1.04705455e-01 9.94084665e-01 2.88521610e-02 -5.00312968e-01 -3.55230090e-02 -3.27315527e-02 9.98832699e-01 -2.87595637e+01
9.98886251e-01 3.72499171e-02 2.89603291e-02 -8.54734265e-01 -3.83153324e-02 9.98574957e-01 3.71482111e-02 -8.06345311e-01 -2.75352916e-02 -3.82164620e-02 9.98890039e-01 -2.88755007e+01
9.94408513e-01 1.00983891e-01 3.08862869e-02 -8.54491017e-01 -1.02006807e-01 9.94217514e-01 3.35580959e-02 -7.24501975e-01 -2.73188603e-02 -3.65210678e-02 9.98959404e-01 -2.88955483e+01
9.95286410e-01 9.26885327e-02 2.85271490e-02 -8.34778742e-01 -9.36035794e-02 9.95075320e-01 3.26110117e-02 -6.70102944e-01 -2.53639951e-02 -3.51275400e-02 9.99060921e-01 -2.85727196e+01
9.92592403e-01 1.18250323e-01 2.78779998e-02 -7.86165583e-01 -1.19161499e-01 9.92303961e-01 3.36658093e-02 -6.37696691e-01 -2.36824568e-02 -3.67384108e-02 9.99044258e-01 -2.95885472e+01
9.92656698e-01 1.18270969e-01 2.53901014e-02 -7.17981687e-01 -1.19181273e-01 9.92146333e-01 3.79667926e-02 -8.60310808e-01 -2.07003266e-02 -4.07140156e-02 9.98956388e-01 -2.95189453e+01
9.92825399e-01 1.17813443e-01 2.04381930e-02 -7.70972999e-01 -1.18526449e-01 9.92218320e-01 3.81350998e-02 -8.91016408e-01 -1.57863221e-02 -4.02839622e-02 9.99063559e-01 -3.12343722e+01
9.97910910e-01 5.07161992e-02 4.00210199e-02 -1.62940802e+00 -5.15082100e-02 9.98491573e-01 1.90126890e-02 -1.38870083e-01 -3.89963998e-02 -2.10343809e-02 9.99017936e-01 -2.95298068e+01
9.94333256e-01 3.62476713e-02 9.99373896e-02 -3.90773456e+00 -4.02609292e-02 9.98449620e-01 3.84371379e-02 -1.31963734e+00 -9.83891919e-02 -4.22428967e-02 9.94251027e-01 -2.35291168e+01
9.77574704e-01 2.10583777e-01 1.47356403e-03 -3.82839963e-01 -2.10230302e-01 9.75477813e-01 6.51633143e-02 -1.85471190e+00 1.22849078e-02 -6.40117954e-02 9.97873525e-01 -3.47453537e+01
9.77404630e-01 2.11190841e-01 -8.86662277e-03 -3.55773721e-01 -2.10214652e-01 9.75567670e-01 6.38554739e-02 -1.89956405e+00 2.21356818e-02 -6.05487418e-02 9.97919767e-01 -3.62001383e+01
9.77963471e-01 2.07445104e-01 -2.35367496e-02 -3.06971838e-01 -2.05559439e-01 9.76470731e-01 6.51937734e-02 -2.02078960e+00 3.65070762e-02 -5.89189279e-02 9.97595005e-01 -3.75718935e+01
9.77412636e-01 2.07821969e-01 -3.84001141e-02 -2.54437386e-01 -2.05169628e-01 9.76666181e-01 6.34712179e-02 -2.05549924e+00 5.06948063e-02 -5.41590332e-02 9.97244622e-01 -3.88173340e+01
9.74403621e-01 2.22495969e-01 -3.21422850e-02 1.05748068e+00 -2.20716095e-01 9.73996499e-01 5.11392752e-02 -1.29943379e+00 4.26847557e-02 -4.27359753e-02 9.98174157e-01 -3.11677666e+01
9.73337218e-01 2.24244953e-01 -4.82582706e-02 1.06541332e+00 -2.21829720e-01 9.73766101e-01 5.07065644e-02 -1.34942670e+00 5.83629592e-02 -3.86494677e-02 9.97546983e-01 -3.23650406e+01
9.72428608e-01 2.23619440e-01 -6.61585102e-02 1.10614935e+00 -2.20518365e-01 9.74046066e-01 5.10481419e-02 -1.36963004e+00 7.58567935e-02 -3.50515070e-02 9.96502453e-01 -3.35030418e+01
9.70252893e-01 2.25601941e-01 -8.78241909e-02 1.20324305e+00 -2.21740422e-01 9.73738705e-01 5.16151145e-02 -1.40413332e+00 9.71622839e-02 -3.06055409e-02 9.94797865e-01 -3.45851395e+01
9.67467264e-01 2.28132033e-01 -1.09374900e-01 1.33163018e+00 -2.23675400e-01 9.73297801e-01 5.15820227e-02 -1.44841577e+00 1.18221862e-01 -2.54394437e-02 9.92661285e-01 -3.56874776e+01
9.63468029e-01 2.33343539e-01 -1.31453986e-01 1.46674048e+00 -2.28646623e-01 9.72226086e-01 4.99715866e-02 -1.48494006e+00 1.39463541e-01 -1.80895159e-02 9.90061963e-01 -3.67851570e+01
9.58369747e-01 2.39021732e-01 -1.56192314e-01 1.64352800e+00 -2.34149324e-01 9.70957015e-01 4.91586200e-02 -1.52496776e+00 1.63406001e-01 -1.05398095e-02 9.86502606e-01 -3.79256679e+01
9.52880693e-01 2.44542838e-01 -1.79491461e-01 1.80097263e+00 -2.39315020e-01 9.69624397e-01 5.05653017e-02 -1.55348391e+00 1.86404682e-01 -5.22769717e-03 9.82459142e-01 -3.90050821e+01
9.46544480e-01 2.51563735e-01 -2.01913927e-01 1.93456052e+00 -2.45490013e-01 9.67837522e-01 5.50016795e-02 -1.60069375e+00 2.09256303e-01 -2.49368353e-03 9.77857649e-01 -4.00731828e+01
9.39082843e-01 2.57105188e-01 -2.28079670e-01 2.15004265e+00 -2.51157968e-01 9.66368310e-01 5.52445892e-02 -1.64432696e+00 2.34612636e-01 5.40478067e-03 9.72073917e-01 -4.11324860e+01
9.31604187e-01 2.59507951e-01 -2.54498058e-01 2.44539913e+00 -2.54168232e-01 9.65637357e-01 5.42494611e-02 -1.69887306e+00 2.59830999e-01 1.41462963e-02 9.65550483e-01 -4.23734545e+01
9.21912012e-01 2.64548998e-01 -2.83005423e-01 2.77289420e+00 -2.60434068e-01 9.64047248e-01 5.27920531e-02 -1.73784005e+00 2.86796684e-01 2.50346256e-02 9.57664310e-01 -4.35038881e+01
9.12208988e-01 2.67098612e-01 -3.10697752e-01 3.04758675e+00 -2.63206032e-01 9.63157557e-01 5.52277516e-02 -1.78402194e+00 3.14002144e-01 3.13982711e-02 9.48902947e-01 -4.45505718e+01
9.01736795e-01 2.67037159e-01 -3.39943977e-01 3.35648455e+00 -2.62741440e-01 9.63027438e-01 5.95406543e-02 -1.81472871e+00 3.43274945e-01 3.56273713e-02 9.38559003e-01 -4.54804891e+01
8.89241601e-01 2.69768388e-01 -3.69424407e-01 3.66372342e+00 -2.64248778e-01 9.62156993e-01 6.65319713e-02 -1.85962026e+00 3.73392499e-01 3.84569515e-02 9.26875992e-01 -4.62610568e+01
8.74917484e-01 2.72304248e-01 -4.00461975e-01 3.94626745e+00 -2.66515613e-01 9.61189056e-01 7.13093744e-02 -1.91108164e+00 4.04337513e-01 4.43395504e-02 9.13534444e-01 -4.68891522e+01
8.61085041e-01 2.69828194e-01 -4.30958581e-01 4.22071303e+00 -2.66729872e-01 9.61302616e-01 6.89380542e-02 -1.95100422e+00 4.32883042e-01 5.55879997e-02 8.99734542e-01 -4.75017044e+01
8.46976072e-01 2.63266779e-01 -4.61868095e-01 4.50645370e+00 -2.65589390e-01 9.62130379e-01 6.13792291e-02 -1.94011175e+00 4.60536437e-01 7.06805270e-02 8.84822272e-01 -4.81510657e+01
8.29766369e-01 2.57330835e-01 -4.95246014e-01 4.88192845e+00 -2.64382302e-01 9.62716231e-01 5.72665457e-02 -1.97741635e+00 4.91517824e-01 8.34164278e-02 8.66863269e-01 -4.87975932e+01
8.12305105e-01 2.51677626e-01 -5.26135713e-01 5.23813031e+00 -2.59598504e-01 9.63834999e-01 6.02553933e-02 -1.99496747e+00 5.22272949e-01 8.76382802e-02 8.48263225e-01 -4.94532570e+01
7.93051870e-01 2.45796657e-01 -5.57362302e-01 5.60079488e+00 -2.53200206e-01 9.65201849e-01 6.53838471e-02 -2.03237317e+00 5.54038255e-01 8.92714673e-02 8.27690895e-01 -5.00315118e+01
7.70745166e-01 2.41039969e-01 -5.89789473e-01 6.03420242e+00 -2.50978487e-01 9.65692965e-01 6.66850615e-02 -2.08222085e+00 5.85629310e-01 9.66272806e-02 8.04799031e-01 -5.05928291e+01
7.51525659e-01 2.39789343e-01 -6.14581366e-01 6.39995082e+00 -2.53825179e-01 9.64987366e-01 6.61223302e-02 -2.10534373e+00 6.08918683e-01 1.06303597e-01 7.86077339e-01 -5.12619890e+01
7.29880094e-01 2.36493135e-01 -6.41362647e-01 6.90947994e+00 -2.54112965e-01 9.64878722e-01 6.66006966e-02 -2.14491032e+00 6.34587779e-01 1.14368041e-01 7.64341744e-01 -5.19757414e+01
7.06513128e-01 2.32734349e-01 -6.68336683e-01 7.41419603e+00 -2.52557514e-01 9.65111619e-01 6.90960512e-02 -2.17793220e+00 6.61100523e-01 1.19976184e-01 7.40642838e-01 -5.25713224e+01
6.81698488e-01 2.27744164e-01 -6.95283948e-01 7.88160826e+00 -2.51249627e-01 9.65396455e-01 6.98806834e-02 -2.18846504e+00 6.87139576e-01 1.27052276e-01 7.15329940e-01 -5.30417259e+01
6.53989084e-01 2.20302325e-01 -7.23716217e-01 8.26133066e+00 -2.48544419e-01 9.66124332e-01 6.94942283e-02 -2.22912695e+00 7.14509587e-01 1.34427160e-01 6.86589680e-01 -5.33601657e+01
6.27873718e-01 2.15428157e-01 -7.47907283e-01 8.62640404e+00 -2.47342525e-01 9.66345170e-01 7.07013943e-02 -2.25655088e+00 7.37967662e-01 1.40597729e-01 6.60027279e-01 -5.37082015e+01
6.02728479e-01 2.10550250e-01 -7.69666794e-01 9.05655647e+00 -2.41549214e-01 9.67447236e-01 7.54971732e-02 -2.30372209e+00 7.60507961e-01 1.40408113e-01 6.33966248e-01 -5.41383701e+01
5.74755241e-01 2.03728977e-01 -7.92559725e-01 9.46242890e+00 -2.32626402e-01 9.69233466e-01 8.04452922e-02 -2.34558553e+00 7.84564446e-01 1.38133964e-01 6.04464753e-01 -5.44658770e+01
5.46130000e-01 1.97406514e-01 -8.14108525e-01 9.79077605e+00 -2.24779930e-01 9.70730488e-01 8.45949356e-02 -2.38200404e+00 8.06979557e-01 1.36795425e-01 5.74518064e-01 -5.47173554e+01
5.17220910e-01 1.89610341e-01 -8.34583998e-01 1.00500054e+01 -2.20269810e-01 9.71791711e-01 8.42738487e-02 -2.41064854e+00 8.27021004e-01 1.40245462e-01 5.44396427e-01 -5.49018653e+01
4.87306970e-01 1.81680357e-01 -8.54121867e-01 1.02657833e+01 -2.20563682e-01 9.72010341e-01 8.09169851e-02 -2.43239592e+00 8.44916315e-01 1.48956853e-01 5.13739503e-01 -5.50387415e+01
4.58240367e-01 1.71430730e-01 -8.72139479e-01 1.04624416e+01 -2.21676105e-01 9.72259717e-01 7.46374339e-02 -2.45083766e+00 8.60741233e-01 1.59130598e-01 4.83530746e-01 -5.51650870e+01
4.26872000e-01 1.60095289e-01 -8.90027974e-01 1.06363109e+01 -2.20170660e-01 9.72988020e-01 6.94204110e-02 -2.46284391e+00 8.77100437e-01 1.66324417e-01 4.50589628e-01 -5.52596491e+01
3.96216495e-01 1.47336393e-01 -9.06258504e-01 1.08065211e+01 -2.17559191e-01 9.73996766e-01 6.32321022e-02 -2.47327828e+00 8.92009242e-01 1.72111266e-01 4.17967971e-01 -5.53485053e+01
3.65244852e-01 1.37905124e-01 -9.20640198e-01 1.09726451e+01 -2.17003034e-01 9.74334064e-01 5.98566296e-02 -2.47972391e+00 9.05265642e-01 1.77919390e-01 3.85796331e-01 -5.54338952e+01
3.30853450e-01 1.27402513e-01 -9.35042563e-01 1.11390589e+01 -2.17859285e-01 9.74390788e-01 5.56769719e-02 -2.48767889e+00 9.18190245e-01 1.85286786e-01 3.50136374e-01 -5.54968167e+01
2.96895695e-01 1.17445935e-01 -9.47659959e-01 1.14653486e+01 -2.18297046e-01 9.74475716e-01 5.23782376e-02 -2.49776647e+00 9.29623228e-01 1.91320496e-01 3.14955745e-01 -5.56202875e+01
2.61572514e-01 1.09979868e-01 -9.58897413e-01 1.18092212e+01 -2.19166567e-01 9.74302837e-01 5.19614993e-02 -2.51206536e+00 9.39971189e-01 1.96566554e-01 2.78954753e-01 -5.57192325e+01
2.26794069e-01 1.04510936e-01 -9.68319118e-01 1.22653880e+01 -2.20742068e-01 9.73868789e-01 5.34089909e-02 -2.53156514e+00 9.48597591e-01 2.01635923e-01 2.43937625e-01 -5.58441469e+01
1.91368528e-01 1.03664588e-01 -9.76028555e-01 1.28967492e+01 -2.21897106e-01 9.73230911e-01 5.98603994e-02 -2.55848631e+00 9.56106564e-01 2.05122515e-01 2.09248639e-01 -5.59957264e+01
1.57997538e-01 9.79982981e-02 -9.82564558e-01 1.35720831e+01 -2.18881326e-01 9.73784426e-01 6.19262167e-02 -2.59245580e+00 9.62874729e-01 2.05280844e-01 1.75305539e-01 -5.61277076e+01
1.27102669e-01 9.07004804e-02 -9.87733939e-01 1.42329482e+01 -2.14156740e-01 9.74832353e-01 6.19578482e-02 -2.62874691e+00 9.68494606e-01 2.03654873e-01 1.43327913e-01 -5.62609329e+01
9.72176958e-02 9.16709077e-02 -9.91032373e-01 1.49165610e+01 -2.11305246e-01 9.74949299e-01 6.94547221e-02 -2.65786479e+00 9.72573294e-01 2.02658111e-01 1.14152868e-01 -5.63522844e+01
7.20634967e-02 8.68481096e-02 -9.93611724e-01 1.60022951e+01 -2.12574804e-01 9.74650514e-01 6.97734028e-02 -2.75222857e+00 9.74483866e-01 2.06188702e-01 8.86984439e-02 -5.64935736e+01
4.88682022e-02 8.26213225e-02 -9.95382146e-01 1.68276443e+01 -2.15035908e-01 9.74072952e-01 7.02953912e-02 -2.81961380e+00 9.75382723e-01 2.10607695e-01 6.53677451e-02 -5.65356668e+01
3.18398017e-02 7.92035635e-02 -9.96349849e-01 1.76032106e+01 -2.17175973e-01 9.73586592e-01 7.04538547e-02 -2.86874373e+00 9.75613050e-01 2.14140011e-01 4.81999149e-02 -5.66196579e+01
1.61355060e-02 7.77525518e-02 -9.96842107e-01 1.83950976e+01 -2.13870103e-01 9.74166379e-01 7.25220364e-02 -2.92906403e+00 9.76728839e-01 2.12024544e-01 3.23476137e-02 -5.66757991e+01
-2.72979813e-04 7.64565002e-02 -9.97072881e-01 1.90755260e+01 -2.10359608e-01 9.74758098e-01 7.48029739e-02 -2.96830209e+00 9.77624039e-01 2.09764280e-01 1.58172701e-02 -5.66727584e+01
-1.30883873e-02 7.74443651e-02 -9.96910761e-01 1.98446487e+01 -2.05575781e-01 9.75489418e-01 7.84792553e-02 -3.02240325e+00 9.78553674e-01 2.05967875e-01 3.15310245e-03 -5.66831455e+01
-2.16930337e-02 7.98378356e-02 -9.96571790e-01 2.05713057e+01 -2.03308565e-01 9.75625589e-01 8.25853348e-02 -3.05957414e+00 9.78874374e-01 2.04403107e-01 -4.93256296e-03 -5.66633182e+01
-2.84636195e-02 8.23333517e-02 -9.96198294e-01 2.13805372e+01 -1.98081450e-01 9.76374225e-01 8.63545721e-02 -3.12515869e+00 9.79772199e-01 1.99786366e-01 -1.14824347e-02 -5.66487324e+01
-3.05567843e-02 8.19143406e-02 -9.96170831e-01 2.22591809e+01 -1.91625253e-01 9.77669213e-01 8.62709264e-02 -3.22075554e+00 9.80992378e-01 1.93527650e-01 -1.41775710e-02 -5.66912456e+01
-3.28151349e-02 8.34989700e-02 -9.95967414e-01 2.30841058e+01 -1.87241168e-01 9.78347126e-01 8.81909592e-02 -3.29391042e+00 9.81765711e-01 1.89380100e-01 -1.64701483e-02 -5.67114102e+01
-3.57721176e-02 8.37852656e-02 -9.95841546e-01 2.39637751e+01 -1.84258983e-01 9.78842313e-01 8.89738910e-02 -3.37375157e+00 9.82226543e-01 1.86675535e-01 -1.95770745e-02 -5.66970322e+01
-3.81623085e-02 8.44428079e-02 -9.95697268e-01 2.48565729e+01 -1.80010281e-01 9.79541395e-01 8.99719590e-02 -3.46373445e+00 9.82924177e-01 1.82669283e-01 -2.21809873e-02 -5.66938680e+01
-4.05889119e-02 8.59642055e-02 -9.95471092e-01 2.57700893e+01 -1.76950711e-01 9.79925746e-01 9.18366949e-02 -3.53374635e+00 9.83382421e-01 1.79876869e-01 -2.45626924e-02 -5.66729549e+01
-4.28401025e-02 8.79356357e-02 -9.95204527e-01 2.66957698e+01 -1.75573457e-01 9.79954335e-01 9.41459667e-02 -3.62084794e+00 9.83533775e-01 1.78764723e-01 -2.65421806e-02 -5.66928975e+01
-4.53741607e-02 8.79702431e-02 -9.95089153e-01 2.74632754e+01 -1.76912405e-01 9.79662676e-01 9.46733420e-02 -3.68665274e+00 9.83180139e-01 1.80339339e-01 -2.88883445e-02 -5.66576222e+01
-4.79852152e-02 8.75750857e-02 -9.95001519e-01 2.85293102e+01 -1.76980985e-01 9.79642070e-01 9.47583567e-02 -3.79926379e+00 9.83043819e-01 1.80643349e-01 -3.15092106e-02 -5.66038247e+01
-4.97274692e-02 8.78276419e-02 -9.94893705e-01 2.96622195e+01 -1.75084435e-01 9.79934338e-01 9.52582448e-02 -3.93222107e+00 9.83296811e-01 1.78927354e-01 -3.33524015e-02 -5.65998157e+01
-5.24363153e-02 8.61392803e-02 -9.94902235e-01 3.06598270e+01 -1.73009837e-01 9.80423788e-01 9.40042093e-02 -4.02445903e+00 9.83523273e-01 1.77057108e-01 -3.65068681e-02 -5.65283341e+01
-5.39384845e-02 8.29652084e-02 -9.95091661e-01 3.20341197e+01 -1.70680603e-01 9.81110499e-01 9.10512002e-02 -4.14491112e+00 9.83848958e-01 1.74754008e-01 -3.87590617e-02 -5.65207460e+01
-5.57279554e-02 8.00891546e-02 -9.95228678e-01 3.30387212e+01 -1.66639201e-01 9.82050886e-01 8.83596797e-02 -4.24622464e+00 9.84441858e-01 1.70768216e-01 -4.13816952e-02 -5.64776783e+01
-5.70686959e-02 7.62764495e-02 -9.95452192e-01 3.41419054e+01 -1.62045924e-01 9.83147984e-01 8.46236392e-02 -4.35519297e+00 9.85131607e-01 1.66138331e-01 -4.37466856e-02 -5.64256521e+01
-5.89039630e-02 7.32862371e-02 -9.95569912e-01 3.53315536e+01 -1.59665978e-01 9.83770797e-01 8.18644856e-02 -4.44845995e+00 9.85412147e-01 1.63780786e-01 -4.62466800e-02 -5.63777609e+01
-6.15292045e-02 6.99984946e-02 -9.95647713e-01 3.62787936e+01 -1.61209010e-01 9.83743386e-01 7.91239886e-02 -4.52193299e+00 9.85000412e-01 1.65375819e-01 -4.92445599e-02 -5.63122196e+01
-6.34685676e-02 6.60890338e-02 -9.95793141e-01 3.72829288e+01 -1.64972080e-01 9.83382724e-01 7.57801521e-02 -4.59939048e+00 9.84254009e-01 1.69087723e-01 -5.15110475e-02 -5.62623786e+01
-6.56352710e-02 6.59714671e-02 -9.95660473e-01 3.81028571e+01 -1.66608050e-01 9.83080545e-01 7.61209593e-02 -4.65225208e+00 9.83836251e-01 1.70881270e-01 -5.35333805e-02 -5.62247350e+01
-6.69052404e-02 6.46068576e-02 -9.95665427e-01 3.88252512e+01 -1.65696042e-01 9.83325363e-01 7.49403295e-02 -4.71031936e+00 9.83904726e-01 1.69991722e-01 -5.50845191e-02 -5.61987810e+01
-6.80906381e-02 6.58839339e-02 -9.95501367e-01 3.94532818e+01 -1.62673653e-01 9.83730672e-01 7.62315372e-02 -4.76476567e+00 9.84327663e-01 1.67132498e-01 -5.62652690e-02 -5.61783067e+01
-6.87676302e-02 6.62481462e-02 -9.95430659e-01 3.99952520e+01 -1.60403974e-01 9.84076738e-01 7.65737524e-02 -4.80230962e+00 9.84653024e-01 1.64936829e-01 -5.70461592e-02 -5.61441491e+01
-6.87525563e-02 6.44470209e-02 -9.95549932e-01 4.04720090e+01 -1.59347173e-01 9.84390188e-01 7.47290900e-02 -4.84072284e+00 9.84825652e-01 1.63775883e-01 -5.74098912e-02 -5.61151200e+01
-6.80643988e-02 6.00073865e-02 -9.95874666e-01 4.09258335e+01 -1.60440024e-01 9.84539655e-01 7.02898745e-02 -4.87433866e+00 9.84696012e-01 1.64562394e-01 -5.73845132e-02 -5.60810725e+01
-7.34028073e-02 2.84375859e-01 -9.55898739e-01 2.08537601e+01 -1.70599211e-01 9.40776410e-01 2.92977226e-01 1.16872448e+00 9.82602634e-01 1.84580922e-01 -2.05413324e-02 -9.63825903e+01
-7.24225299e-02 2.79997692e-01 -9.57264994e-01 2.14343007e+01 -1.69196942e-01 9.42424828e-01 2.88457688e-01 9.91781284e-01 9.82917785e-01 1.82857145e-01 -2.08780370e-02 -9.63752672e+01
-7.20726167e-02 2.75960718e-01 -9.58462947e-01 2.20944990e+01 -1.68732153e-01 9.43737762e-01 2.84409031e-01 7.89120370e-01 9.83023397e-01 1.82221620e-01 -2.14542039e-02 -9.63485472e+01
-7.21309405e-02 2.73482338e-01 -9.59168670e-01 2.27940745e+01 -1.68696204e-01 9.44473241e-01 2.81978524e-01 5.73840038e-01 9.83025289e-01 1.82147489e-01 -2.19903110e-02 -9.63094771e+01
-7.25781877e-02 2.72111450e-01 -9.59524760e-01 2.35467503e+01 -1.73639241e-01 9.43922201e-01 2.80820747e-01 3.51907186e-01 9.82131264e-01 1.86992612e-01 -2.12589370e-02 -9.62871155e+01
-7.24179111e-02 2.75637908e-01 -9.58529806e-01 2.43853851e+01 -1.82551361e-01 9.41154928e-01 2.84433475e-01 1.29154080e-01 9.80525699e-01 1.95578999e-01 -1.78383986e-02 -9.62873874e+01
-7.35489030e-02 2.81132549e-01 -9.56846408e-01 2.52467737e+01 -1.88054699e-01 9.38323569e-01 2.90145327e-01 -1.19918439e-01 9.79400832e-01 2.01279333e-01 -1.61443724e-02 -9.62694392e+01
-7.36775083e-02 2.91441527e-01 -9.53747064e-01 2.61738808e+01 -1.84946616e-01 9.35764138e-01 3.00233621e-01 -4.02745792e-01 9.79982844e-01 1.98512757e-01 -1.50436460e-02 -9.62967325e+01
-7.38018479e-02 2.96150384e-01 -9.52285796e-01 2.71141284e+01 -1.79150599e-01 9.35418978e-01 3.04789104e-01 -7.14562470e-01 9.81049617e-01 1.93096569e-01 -1.59801307e-02 -9.63046530e+01
-7.36823147e-02 2.99965277e-01 -9.51100284e-01 2.80253932e+01 -1.73654996e-01 9.35263957e-01 3.08423853e-01 -1.00902098e+00 9.82046261e-01 1.87888699e-01 -1.68219443e-02 -9.62972691e+01
-7.35108320e-02 3.02572644e-01 -9.50287300e-01 2.88823994e+01 -1.68994853e-01 9.35305952e-01 3.10875403e-01 -1.29249747e+00 9.82871760e-01 1.83446372e-01 -1.76218991e-02 -9.62739793e+01
-7.11479065e-02 1.89246155e-01 -9.79348696e-01 3.46111345e+01 -1.67755604e-01 9.65581366e-01 1.98772942e-01 -2.59324082e+00 9.83257867e-01 1.78433511e-01 -3.69519897e-02 -8.30043983e+01
-3.74649940e-02 6.29090082e-02 -9.97315813e-01 3.07349224e+01 -1.82204189e-01 9.80856677e-01 6.87154447e-02 1.22140820e+00 9.82546695e-01 1.84289543e-01 -2.52855047e-02 -9.24710990e+01
-3.74420077e-02 6.03760682e-02 -9.97473221e-01 3.16282985e+01 -1.83791610e-01 9.80729347e-01 6.62615371e-02 1.15826632e+00 9.82251872e-01 1.85808174e-01 -2.56238611e-02 -9.24299883e+01
-5.29105967e-02 1.78538891e-01 -9.82509203e-01 3.03436789e+01 -1.76001729e-01 9.66818011e-01 1.85165667e-01 -9.09490835e-01 9.82966866e-01 1.82720545e-01 -1.97317643e-02 -9.03820945e+01
-5.68460368e-02 1.88990589e-01 -9.80332130e-01 3.06695274e+01 -1.69362360e-01 9.65863229e-01 1.96021975e-01 -1.73427067e+00 9.83913065e-01 1.77174436e-01 -2.28976043e-02 -9.71576683e+01
-5.58068611e-02 1.86679511e-01 -9.80834519e-01 3.07331881e+01 -1.65924634e-01 9.66971489e-01 1.93481667e-01 -2.03309223e+00 9.84558079e-01 1.73542213e-01 -2.29889140e-02 -1.03726435e+02
-6.75353573e-02 2.24275804e-01 -9.72182770e-01 3.17982222e+01 -1.68826439e-01 9.57787204e-01 2.32682841e-01 -1.29787866e+00 9.83329349e-01 1.79844474e-01 -2.68208156e-02 -1.08534080e+02
-6.93477626e-02 2.22335340e-01 -9.72500840e-01 3.26540114e+01 -1.75536622e-01 9.56917877e-01 2.31290015e-01 -1.51168917e+00 9.82027384e-01 1.86748957e-01 -2.73321192e-02 -1.08491656e+02
-6.87499899e-02 2.23927417e-01 -9.72177942e-01 3.36013655e+01 -1.77301282e-01 9.56228104e-01 2.32791900e-01 -1.71311138e+00 9.81752359e-01 1.88372837e-01 -2.60380544e-02 -1.08468308e+02
-6.72748186e-02 2.23290613e-01 -9.72427581e-01 3.46829666e+01 -1.74208212e-01 9.57035214e-01 2.31808322e-01 -1.97057176e+00 9.82408061e-01 1.84999733e-01 -2.54853120e-02 -1.08465356e+02
-6.67936708e-02 2.23512842e-01 -9.72409695e-01 3.57065861e+01 -1.71135806e-01 9.57577206e-01 2.31858642e-01 -2.21179027e+00 9.82980743e-01 1.81900807e-01 -2.57090462e-02 -1.08434563e+02
-6.51401826e-02 2.23110425e-01 -9.72614258e-01 3.67799956e+01 -1.70921801e-01 9.57785247e-01 2.31156133e-01 -2.46845100e+00 9.83128931e-01 1.81298534e-01 -2.42558702e-02 -1.08435783e+02
-6.48171642e-02 2.24404023e-01 -9.72338197e-01 3.76477565e+01 -1.74244510e-01 9.56872915e-01 2.32450157e-01 -2.65856021e+00 9.82566835e-01 1.84491353e-01 -2.29206198e-02 -1.08400103e+02
-6.42338259e-02 2.25685971e-01 -9.72080171e-01 3.85211079e+01 -1.75372071e-01 9.56379655e-01 2.33629176e-01 -2.85517740e+00 9.82404526e-01 1.85482608e-01 -2.18529083e-02 -1.08378565e+02
-6.44987594e-02 2.28295793e-01 -9.71453005e-01 3.93274783e+01 -1.74847811e-01 9.55835506e-01 2.36234476e-01 -3.04976342e+00 9.82480612e-01 1.85093262e-01 -2.17331847e-02 -1.08326649e+02
-6.43508957e-02 2.30683991e-01 -9.70898480e-01 4.02272100e+01 -1.74691125e-01 9.55288050e-01 2.38553458e-01 -3.26576383e+00 9.82518179e-01 1.84958477e-01 -2.11751957e-02 -1.08301398e+02
-6.25877997e-02 2.30210594e-01 -9.71126073e-01 4.11755652e+01 -1.75423279e-01 9.55347699e-01 2.37776046e-01 -3.48360977e+00 9.82501624e-01 1.85240000e-01 -1.94088132e-02 -1.08294880e+02
-6.21702944e-02 2.32031124e-01 -9.70719533e-01 4.46139681e+01 -1.74441153e-01 9.55104199e-01 2.39470775e-01 -4.36093452e+00 9.82702976e-01 1.84221403e-01 -1.89033323e-02 -1.08160047e+02
-5.95664361e-02 2.34219363e-01 -9.70357218e-01 4.72305759e+01 -1.76262606e-01 9.54341038e-01 2.41173540e-01 -4.99262080e+00 9.82539227e-01 1.85403541e-01 -1.55625792e-02 -1.08241782e+02
-5.83689563e-02 2.33732971e-01 -9.70547249e-01 4.93977610e+01 -1.77767725e-01 9.54233068e-01 2.40495088e-01 -5.48666936e+00 9.82339911e-01 1.86569424e-01 -1.41474096e-02 -1.08153697e+02
-5.84948636e-02 2.34721683e-01 -9.70301027e-01 5.12645463e+01 -1.78572371e-01 9.53828404e-01 2.41502140e-01 -5.93857208e+00 9.82186469e-01 1.87395590e-01 -1.38792549e-02 -1.08038443e+02
-5.58836385e-02 2.34180944e-01 -9.70585547e-01 5.29254903e+01 -1.78469061e-01 9.54105823e-01 2.40480505e-01 -6.31303574e+00 9.82357274e-01 1.86658416e-01 -1.15248518e-02 -1.08021253e+02
-5.50514825e-02 2.35811428e-01 -9.70238272e-01 5.42190697e+01 -1.75147444e-01 9.54364688e-01 2.41891330e-01 -6.66611822e+00 9.83001886e-01 1.83251230e-01 -1.12374221e-02 -1.07973561e+02
-5.45589199e-02 2.36708262e-01 -9.70047691e-01 5.52607449e+01 -1.74906180e-01 9.54208553e-01 2.42680584e-01 -6.95677802e+00 9.83072303e-01 1.82907726e-01 -1.06588503e-02 -1.07935826e+02
-5.33243631e-02 2.30640521e-01 -9.71576792e-01 5.66262709e+01 -1.77427538e-01 9.55291211e-01 2.36512518e-01 -7.25436625e+00 9.82688140e-01 1.84996357e-01 -1.00183157e-02 -1.07894259e+02
-5.39280190e-02 2.33011193e-01 -9.70977627e-01 5.76683475e+01 -1.74870776e-01 9.55161562e-01 2.38928028e-01 -7.54849692e+00 9.83113412e-01 1.82680527e-01 -1.07631227e-02 -1.07839606e+02
-5.25606877e-02 2.32103989e-01 -9.71269845e-01 5.90392720e+01 -1.74395930e-01 9.55534483e-01 2.37781227e-01 -7.91741957e+00 9.83271801e-01 1.81883453e-01 -9.74555851e-03 -1.07833853e+02
-5.39293548e-02 2.28517300e-01 -9.72044993e-01 6.01270377e+01 -1.77054006e-01 9.55848471e-01 2.34532683e-01 -8.17488368e+00 9.82722496e-01 1.84752657e-01 -1.10883878e-02 -1.07796833e+02
-5.54963355e-02 2.26388114e-01 -9.72454924e-01 6.13750875e+01 -1.78104691e-01 9.56090777e-01 2.32742659e-01 -8.48226986e+00 9.82445355e-01 1.86115149e-01 -1.27387494e-02 -1.07739778e+02
-5.47349536e-02 2.24252559e-01 -9.72992741e-01 6.26519483e+01 -1.78834844e-01 9.56495178e-01 2.30510463e-01 -8.76859656e+00 9.82355426e-01 1.86621984e-01 -1.22495480e-02 -1.07778968e+02
-5.62910672e-02 2.25458083e-01 -9.72625297e-01 6.45921081e+01 -1.77823672e-01 9.56330240e-01 2.31972443e-01 -9.26725519e+00 9.82451046e-01 1.86013778e-01 -1.37410658e-02 -1.07751329e+02
-5.78644811e-02 2.25498818e-01 -9.72523514e-01 6.61358010e+01 -1.78763699e-01 9.56070536e-01 2.32320187e-01 -9.62479062e+00 9.82189005e-01 1.87294987e-01 -1.50115226e-02 -1.07742273e+02
-5.95122683e-02 2.23717748e-01 -9.72835371e-01 6.73825036e+01 -1.83065661e-01 9.55588240e-01 2.30950384e-01 -9.91262307e+00 9.81297740e-01 1.91837132e-01 -1.59141862e-02 -1.07730634e+02
-6.36823679e-02 2.24088480e-01 -9.72485943e-01 7.32505500e+01 -1.82331051e-01 9.55449516e-01 2.32102587e-01 -1.12501867e+01 9.81172739e-01 1.92095227e-01 -1.99869993e-02 -1.07611049e+02
-6.59079261e-02 2.16471151e-01 -9.74061798e-01 7.76997630e+01 -1.78390385e-01 9.57901005e-01 2.24950074e-01 -1.22188715e+01 9.81749976e-01 1.88589252e-01 -2.45168966e-02 -1.07473421e+02
-7.41373257e-02 2.15465860e-01 -9.73693032e-01 8.10387167e+01 -1.75582591e-01 9.58306872e-01 2.25430019e-01 -1.29693994e+01 9.81669196e-01 1.87676325e-01 -3.32142546e-02 -1.07263268e+02
-8.25020276e-02 2.16005970e-01 -9.72900219e-01 8.37639191e+01 -1.79131559e-01 9.57114636e-01 2.27691585e-01 -1.36311894e+01 9.80359781e-01 1.93062150e-01 -4.02704120e-02 -1.07230047e+02
-9.42698259e-02 2.15133061e-01 -9.72024159e-01 8.58893105e+01 -1.81229626e-01 9.56349723e-01 2.29240113e-01 -1.41190144e+01 9.78912163e-01 1.97770000e-01 -5.11664378e-02 -1.07098440e+02
-1.06619969e-01 2.11712371e-01 -9.71498870e-01 8.76257335e+01 -1.80118489e-01 9.56790465e-01 2.28274692e-01 -1.45142007e+01 9.77849432e-01 1.99323550e-01 -6.38796572e-02 -1.07017398e+02
-1.21293600e-01 2.09155090e-01 -9.70330877e-01 8.89875519e+01 -1.80185112e-01 9.56668298e-01 2.28733672e-01 -1.48262686e+01 9.76125601e-01 2.02583108e-01 -7.83511083e-02 -1.06885268e+02
-1.34774974e-01 2.06414154e-01 -9.69138227e-01 9.04224272e+01 -1.82281350e-01 9.56205231e-01 2.29008878e-01 -1.51317700e+01 9.73965716e-01 2.07520490e-01 -9.12470845e-02 -1.06819810e+02
-1.51433711e-01 2.09148646e-01 -9.66087302e-01 9.15973801e+01 -1.77755244e-01 9.55663708e-01 2.34755085e-01 -1.54387319e+01 9.72353282e-01 2.07276918e-01 -1.07542434e-01 -1.06700408e+02
-1.64527945e-01 2.10326215e-01 -9.63687417e-01 9.27201777e+01 -1.73603112e-01 9.55575875e-01 2.38194684e-01 -1.56807574e+01 9.70975033e-01 2.06488816e-01 -1.20705649e-01 -1.06625354e+02
-1.78441026e-01 2.05188771e-01 -9.62318226e-01 9.37328524e+01 -1.70221912e-01 9.56830860e-01 2.35582695e-01 -1.59040913e+01 9.69114700e-01 2.05845266e-01 -1.35810256e-01 -1.06514949e+02
-1.93584906e-01 1.97330809e-01 -9.61033525e-01 9.44991176e+01 -1.71659927e-01 9.57639717e-01 2.31212113e-01 -1.61008625e+01 9.65949146e-01 2.09730120e-01 -1.51510803e-01 -1.06391739e+02
-2.07371706e-01 1.87687781e-01 -9.60088679e-01 9.52534160e+01 -1.77457545e-01 9.57922877e-01 2.25593841e-01 -1.62626544e+01 9.62032118e-01 2.17156760e-01 -1.65339488e-01 -1.06272584e+02
-2.21753158e-01 1.80003258e-01 -9.58344596e-01 9.60615989e+01 -1.81325370e-01 9.58059710e-01 2.21906967e-01 -1.64442626e+01 9.58095323e-01 2.22980759e-01 -1.79813609e-01 -1.06118276e+02
-2.35987502e-01 1.74407217e-01 -9.55976998e-01 9.67520502e+01 -1.79387811e-01 9.59036131e-01 2.19248062e-01 -1.65996122e+01 9.55054926e-01 2.23230424e-01 -1.95034013e-01 -1.05975544e+02
-2.51636494e-01 1.68408974e-01 -9.53056920e-01 9.74851727e+01 -1.78104967e-01 9.59868067e-01 2.16637750e-01 -1.67623793e+01 9.51292645e-01 2.24258135e-01 -2.11543360e-01 -1.05779073e+02
-2.65385842e-01 1.61507244e-01 -9.50518682e-01 9.82181478e+01 -1.76110408e-01 9.61163238e-01 2.12486128e-01 -1.69466520e+01 9.47921663e-01 2.23787043e-01 -2.26636009e-01 -1.05627373e+02
-2.80840240e-01 1.59339639e-01 -9.46435227e-01 9.90237300e+01 -1.76330365e-01 9.60769961e-01 2.14076352e-01 -1.71187075e+01 9.43417385e-01 2.27006523e-01 -2.41726449e-01 -1.05402763e+02
-2.93988299e-01 1.53750110e-01 -9.43361958e-01 9.99082151e+01 -1.78470335e-01 9.60789155e-01 2.12208715e-01 -1.73189999e+01 9.38999052e-01 2.30749004e-01 -2.55020936e-01 -1.05188950e+02
-3.07160852e-01 1.47836051e-01 -9.40104629e-01 1.00844604e+02 -1.80264591e-01 9.60937285e-01 2.10010027e-01 -1.75219920e+01 9.34428643e-01 2.33974435e-01 -2.68512710e-01 -1.04966461e+02
-3.20448704e-01 1.42264072e-01 -9.36522056e-01 1.01780796e+02 -1.78608301e-01 9.61850572e-01 2.07225849e-01 -1.77167088e+01 9.30275068e-01 2.33675868e-01 -2.82814225e-01 -1.04713821e+02
-3.36310907e-01 1.37455617e-01 -9.31665673e-01 1.02691908e+02 -1.76159395e-01 9.62647300e-01 2.05616252e-01 -1.79298707e+01 9.25128554e-01 2.33272650e-01 -2.99534689e-01 -1.04414137e+02
-3.49726397e-01 1.33626628e-01 -9.27273084e-01 1.03495616e+02 -1.74458003e-01 9.63173944e-01 2.04598040e-01 -1.81021733e+01 9.20465020e-01 2.33323546e-01 -3.13535118e-01 -1.04192538e+02
-3.65277731e-01 1.31559090e-01 -9.21555416e-01 1.04291538e+02 -1.71761912e-01 9.63440850e-01 2.05619976e-01 -1.82795272e+01 9.14915310e-01 2.33396518e-01 -3.29326647e-01 -1.03905792e+02
-3.80633395e-01 1.26854513e-01 -9.15983707e-01 1.05147085e+02 -1.68785306e-01 9.64375513e-01 2.03694355e-01 -1.84615748e+01 9.09191806e-01 2.32137464e-01 -3.45662348e-01 -1.03578496e+02
-3.97111628e-01 1.21325442e-01 -9.09715611e-01 1.06030697e+02 -1.67597941e-01 9.64969219e-01 2.01854740e-01 -1.86528468e+01 9.02337678e-01 2.32625328e-01 -3.62866603e-01 -1.03216647e+02
-4.12365239e-01 1.17425114e-01 -9.03419201e-01 1.06869535e+02 -1.68103391e-01 9.64822224e-01 2.02136898e-01 -1.88638193e+01 8.95374871e-01 2.35222061e-01 -3.78119587e-01 -1.02871399e+02
-4.28380322e-01 1.08587609e-01 -8.97050183e-01 1.07582665e+02 -1.72596263e-01 9.64641485e-01 1.99191705e-01 -1.90259684e+01 8.86961572e-01 2.40157316e-01 -3.94491614e-01 -1.02538310e+02
-4.43782144e-01 1.03054616e-01 -8.90189393e-01 1.08300338e+02 -1.70076749e-01 9.65625232e-01 1.96575204e-01 -1.92153489e+01 8.79847321e-01 2.38637084e-01 -4.11000042e-01 -1.02230292e+02
-4.58056518e-01 9.86585106e-02 -8.83431222e-01 1.09128630e+02 -1.71241179e-01 9.65413937e-01 1.96602107e-01 -1.93496988e+01 8.72273286e-01 2.41334681e-01 -4.25319747e-01 -1.01864987e+02
-4.72023300e-01 9.33876666e-02 -8.76625774e-01 1.10111848e+02 -1.72250906e-01 9.65438217e-01 1.95598246e-01 -1.95467461e+01 8.64594488e-01 2.43326513e-01 -4.39623223e-01 -1.01436763e+02
-4.86535502e-01 8.76678039e-02 -8.69251150e-01 1.11706188e+02 -1.72190243e-01 9.65814700e-01 1.93784639e-01 -1.98691010e+01 8.56524212e-01 2.43959674e-01 -4.54807599e-01 -1.00656504e+02
-4.99514893e-01 8.20474872e-02 -8.62411202e-01 1.13006561e+02 -1.72575016e-01 9.66127931e-01 1.91871533e-01 -2.01277896e+01 8.48942127e-01 2.44673315e-01 -4.68435943e-01 -1.00044486e+02
-5.16422627e-01 7.34036717e-02 -8.53182027e-01 1.14071370e+02 -1.75965311e-01 9.65961543e-01 1.89616737e-01 -2.03617435e+01 8.38059592e-01 2.48052814e-01 -4.85927897e-01 -9.94302920e+01
-5.32122019e-01 6.82099254e-02 -8.43915614e-01 1.14958156e+02 -1.78544163e-01 9.65294662e-01 1.90599575e-01 -2.05729350e+01 8.27628020e-01 2.52098438e-01 -5.01476060e-01 -9.88990758e+01
-5.48021383e-01 6.13522255e-02 -8.34211285e-01 1.15703902e+02 -1.80234949e-01 9.65218605e-01 1.89389568e-01 -2.07473320e+01 8.16815724e-01 2.54143561e-01 -5.17902619e-01 -9.84453520e+01
-5.62266687e-01 5.63343906e-02 -8.25034914e-01 1.16446822e+02 -1.81477008e-01 9.64951241e-01 1.89565815e-01 -2.09085895e+01 8.06797539e-01 2.56311410e-01 -5.32336541e-01 -9.79690681e+01
-5.78307255e-01 4.63364461e-02 -8.14502089e-01 1.17150527e+02 -1.81830829e-01 9.65951069e-01 1.84054564e-01 -2.10609601e+01 7.95297598e-01 2.54541679e-01 -5.50191116e-01 -9.74563986e+01
-5.94471338e-01 3.74665247e-02 -8.03243480e-01 1.17845725e+02 -1.82083794e-01 9.66695365e-01 1.79848721e-01 -2.12280136e+01 7.83230055e-01 2.53172531e-01 -5.67850641e-01 -9.69489493e+01
-6.12538571e-01 2.90886086e-02 -7.89905280e-01 1.18545970e+02 -1.86212754e-01 9.65886032e-01 1.79969395e-01 -2.13565550e+01 7.68193536e-01 2.57328634e-01 -5.86225780e-01 -9.63410997e+01
-6.26803892e-01 1.84651835e-02 -7.78958226e-01 1.19288166e+02 -1.92501338e-01 9.65058910e-01 1.77776642e-01 -2.15449513e+01 7.55023255e-01 2.61381592e-01 -6.01348108e-01 -9.58394126e+01
-6.44084847e-01 9.65894455e-03 -7.64893074e-01 1.20046541e+02 -1.94735288e-01 9.64906569e-01 1.76163220e-01 -2.17193383e+01 7.39751903e-01 2.62415734e-01 -6.19600762e-01 -9.52312122e+01
-6.63010371e-01 -1.54305554e-03 -7.48608621e-01 1.20637816e+02 -1.97881282e-01 9.64791066e-01 1.73266260e-01 -2.18609093e+01 7.21983550e-01 2.63012961e-01 -6.39971825e-01 -9.46890166e+01
-6.79613201e-01 -1.37588248e-02 -7.33441608e-01 1.21355862e+02 -2.01358801e-01 9.64919302e-01 1.68479593e-01 -2.20375432e+01 7.05393883e-01 2.62185879e-01 -6.58542356e-01 -9.40715932e+01
-6.97081781e-01 -2.10073861e-02 -7.16683807e-01 1.21956126e+02 -2.02675703e-01 9.64577265e-01 1.68858696e-01 -2.21703141e+01 6.87749627e-01 2.62962715e-01 -6.76646925e-01 -9.35013160e+01
-7.14266705e-01 -2.73823709e-02 -6.99337744e-01 1.22897951e+02 -2.00591986e-01 9.65322788e-01 1.67077141e-01 -2.23947797e+01 6.70511692e-01 2.59619186e-01 -6.94990611e-01 -9.25926345e+01
-7.30952500e-01 -3.16895271e-02 -6.81692171e-01 1.23665171e+02 -2.00236475e-01 9.64912522e-01 1.69850462e-01 -2.25955469e+01 6.52390831e-01 2.60652257e-01 -7.11650620e-01 -9.18046815e+01
-7.48505493e-01 -3.71819283e-02 -6.62085365e-01 1.24263024e+02 -1.99824818e-01 9.64664621e-01 1.71732966e-01 -2.27493195e+01 6.32304965e-01 2.60844156e-01 -7.29486640e-01 -9.11088505e+01
-7.64128615e-01 -4.44217039e-02 -6.43532572e-01 1.24914243e+02 -1.99072120e-01 9.65170394e-01 1.69753941e-01 -2.29195642e+01 6.13577827e-01 2.57823238e-01 -7.46357440e-01 -9.03620403e+01
-7.78125638e-01 -5.13703491e-02 -6.26004456e-01 1.25500296e+02 -1.97693821e-01 9.66026811e-01 1.66461269e-01 -2.30625980e+01 5.96185915e-01 2.53284995e-01 -7.61845829e-01 -8.96723691e+01
-7.91918312e-01 -5.68539813e-02 -6.07974515e-01 1.26155215e+02 -1.97397320e-01 9.66031957e-01 1.66782961e-01 -2.32291257e+01 5.77840536e-01 2.52091021e-01 -7.76241221e-01 -8.89003924e+01
-8.04200258e-01 -6.36345613e-02 -5.90942119e-01 1.26731781e+02 -1.99630716e-01 9.65411539e-01 1.67714452e-01 -2.33738729e+01 5.59829905e-01 2.52846204e-01 -7.89087622e-01 -8.82120882e+01
-8.15506288e-01 -6.88114805e-02 -5.74642911e-01 1.27247897e+02 -1.98573695e-01 9.65901094e-01 1.66143201e-01 -2.35194490e+01 5.43615657e-01 2.49599792e-01 -8.01362566e-01 -8.75468212e+01
-8.26169189e-01 -7.33409830e-02 -5.58628294e-01 1.27730962e+02 -1.96273333e-01 9.66849228e-01 1.63338141e-01 -2.36601124e+01 5.28129956e-01 2.44588777e-01 -8.13175922e-01 -8.68809408e+01
-8.34748119e-01 -8.02829725e-02 -5.44747853e-01 1.28150850e+02 -1.98279647e-01 9.66772733e-01 1.61355705e-01 -2.37577430e+01 5.13693255e-01 2.42703783e-01 -8.22930200e-01 -8.62879698e+01
-8.43293950e-01 -8.84493076e-02 -5.30124546e-01 1.28492914e+02 -2.01970814e-01 9.66221567e-01 1.60073963e-01 -2.38530775e+01 4.98059338e-01 2.42059091e-01 -8.32672980e-01 -8.57457902e+01
-8.50547963e-01 -9.51155559e-02 -5.17224510e-01 1.28797720e+02 -2.04101148e-01 9.66120569e-01 1.57967613e-01 -2.39423344e+01 4.84676061e-01 2.39925147e-01 -8.41145077e-01 -8.52523895e+01
-8.56618679e-01 -9.99141065e-02 -5.06183376e-01 1.29165902e+02 -2.06642704e-01 9.65386226e-01 1.59148446e-01 -2.39993277e+01 4.72761284e-01 2.40928633e-01 -8.47614395e-01 -8.47130637e+01
-8.63125934e-01 -1.03178161e-01 -4.94335806e-01 1.29493968e+02 -2.08010494e-01 9.64642730e-01 1.61851899e-01 -2.40832392e+01 4.60157860e-01 2.42525606e-01 -8.54070298e-01 -8.41465503e+01
-8.68021765e-01 -1.12063374e-01 -4.83714808e-01 1.29817780e+02 -2.15104139e-01 9.62904990e-01 1.62923879e-01 -2.41652163e+01 4.47513603e-01 2.45470530e-01 -8.59927784e-01 -8.36187024e+01
-8.73362978e-01 -1.17695740e-01 -4.72636036e-01 1.30142115e+02 -2.19051917e-01 9.61606193e-01 1.65317234e-01 -2.42584002e+01 4.35032605e-01 2.47913781e-01 -8.65612725e-01 -8.30343298e+01
-8.78789569e-01 -1.17348426e-01 -4.62556203e-01 1.30438793e+02 -2.17835797e-01 9.61058758e-01 1.70040080e-01 -2.43487877e+01 4.24589755e-01 2.50190748e-01 -8.70131099e-01 -8.25073493e+01
-8.83605179e-01 -1.15541799e-01 -4.53753216e-01 1.30727501e+02 -2.13279228e-01 9.62023907e-01 1.70358367e-01 -2.44561037e+01 4.16837929e-01 2.47305671e-01 -8.74691972e-01 -8.19474209e+01
-8.87439318e-01 -1.12569939e-01 -4.46966963e-01 1.30982404e+02 -2.08400191e-01 9.62933658e-01 1.71254581e-01 -2.45511828e+01 4.11121415e-01 2.45126049e-01 -8.78004785e-01 -8.14483190e+01
-8.90354320e-01 -1.10687465e-01 -4.41607825e-01 1.31228837e+02 -2.04570613e-01 9.63822882e-01 1.70869294e-01 -2.46406071e+01 4.06718637e-01 2.42474197e-01 -8.80787269e-01 -8.09545613e+01
-8.91638051e-01 -1.16365600e-01 -4.37539292e-01 1.31488027e+02 -2.08469989e-01 9.63384561e-01 1.68613318e-01 -2.47425667e+01 4.01897809e-01 2.41555862e-01 -8.83249068e-01 -8.04485096e+01
-8.92390454e-01 -1.22918292e-01 -4.34200842e-01 1.31724633e+02 -2.14901738e-01 9.61833802e-01 1.69390027e-01 -2.48346889e+01 3.96807913e-01 2.44472558e-01 -8.84746658e-01 -7.99533685e+01
-8.92994279e-01 -1.29777084e-01 -4.30951420e-01 1.31998098e+02 -2.20847741e-01 9.60672110e-01 1.68331141e-01 -2.49399042e+01 3.92157485e-01 2.45493393e-01 -8.86535674e-01 -7.93822528e+01
-8.93158596e-01 -1.37420641e-01 -4.28232751e-01 1.32635453e+02 -2.26663616e-01 9.59946560e-01 1.64700353e-01 -2.51605651e+01 3.88447329e-01 2.44168320e-01 -8.88532782e-01 -7.80440631e+01
-8.93903416e-01 -1.41511537e-01 -4.25336536e-01 1.33164133e+02 -2.28503601e-01 9.60175467e-01 1.60776793e-01 -2.53732443e+01 3.85645936e-01 2.40909854e-01 -8.90640025e-01 -7.68928266e+01
-8.94533993e-01 -1.45664778e-01 -4.22599939e-01 1.33625445e+02 -2.30207867e-01 9.60522062e-01 1.56210456e-01 -2.55641822e+01 3.83162203e-01 2.37021393e-01 -8.92752813e-01 -7.59053971e+01
-8.95024580e-01 -1.44740181e-01 -4.21878278e-01 1.34135400e+02 -2.28633765e-01 9.61040161e-01 1.55333223e-01 -2.57476118e+01 3.82959009e-01 2.35482672e-01 -8.93247059e-01 -7.48003005e+01
-8.95118769e-01 -1.41924379e-01 -4.22634428e-01 1.34642581e+02 -2.25052896e-01 9.62172091e-01 1.53544980e-01 -2.59481962e+01 3.84855276e-01 2.32556095e-01 -8.93198790e-01 -7.37945562e+01
-8.95035407e-01 -1.40606482e-01 -4.23251034e-01 1.35075591e+02 -2.23937430e-01 9.62384649e-01 1.53843473e-01 -2.60869223e+01 3.85698909e-01 2.32477104e-01 -8.92855390e-01 -7.28634671e+01
-8.94646431e-01 -1.38726433e-01 -4.24691346e-01 1.35459561e+02 -2.21993499e-01 9.62954064e-01 1.53095911e-01 -2.62162026e+01 3.87719808e-01 2.31245428e-01 -8.92299783e-01 -7.20622475e+01
-8.94163849e-01 -1.35505722e-01 -4.26742557e-01 1.35790526e+02 -2.20125404e-01 9.63006460e-01 1.55445694e-01 -2.63200281e+01 3.89892058e-01 2.32930798e-01 -8.90913815e-01 -7.13690887e+01
-8.92956475e-01 -1.34999504e-01 -4.29422714e-01 1.36204930e+02 -2.20181500e-01 9.63050225e-01 1.55094716e-01 -2.64657602e+01 3.92617932e-01 2.33043768e-01 -8.89686328e-01 -7.05078054e+01
-8.91675837e-01 -1.35229403e-01 -4.32003716e-01 1.36612936e+02 -2.21042187e-01 9.62896022e-01 1.54827656e-01 -2.66270692e+01 3.95037409e-01 2.33547125e-01 -8.88482519e-01 -6.95789801e+01
-8.89963732e-01 -1.33807146e-01 -4.35958948e-01 1.36997236e+02 -2.21656045e-01 9.62385741e-01 1.57105965e-01 -2.67641717e+01 3.98538774e-01 2.36451547e-01 -8.86147568e-01 -6.88004262e+01
-8.86187460e-01 -1.32065578e-01 -4.44106371e-01 1.37571533e+02 -2.23053785e-01 9.61735756e-01 1.59095395e-01 -2.69459147e+01 4.06101951e-01 2.40047951e-01 -8.81735894e-01 -6.77290896e+01
-8.82867059e-01 -1.32277218e-01 -4.50609026e-01 1.38145195e+02 -2.25974144e-01 9.60785956e-01 1.60704803e-01 -2.71434038e+01 4.11681239e-01 2.43706966e-01 -8.78137502e-01 -6.65375298e+01
-8.79586075e-01 -1.28511364e-01 -4.58053671e-01 1.38661890e+02 -2.23568760e-01 9.61542150e-01 1.59542168e-01 -2.73359616e+01 4.19934930e-01 2.42737561e-01 -8.74490212e-01 -6.55951426e+01
-8.75859632e-01 -1.26140268e-01 -4.65788082e-01 1.39166319e+02 -2.23967250e-01 9.61234536e-01 1.60831704e-01 -2.74831887e+01 4.27444237e-01 2.45187273e-01 -8.70157817e-01 -6.46119283e+01
-8.72217553e-01 -1.21353406e-01 -4.73824748e-01 1.39702019e+02 -2.20654913e-01 9.62179894e-01 1.59753751e-01 -2.76662066e+01 4.36517984e-01 2.43891784e-01 -8.66007418e-01 -6.35865820e+01
-8.68049597e-01 -1.15552281e-01 -4.82843211e-01 1.40255404e+02 -2.19748838e-01 9.61509056e-01 1.64956912e-01 -2.78022758e+01 4.45196973e-01 2.49295016e-01 -8.60030029e-01 -6.25387299e+01
-8.62163765e-01 -1.10671399e-01 -4.94394058e-01 1.40902555e+02 -2.17492992e-01 9.62204223e-01 1.63889691e-01 -2.80141288e+01 4.57570149e-01 2.48826996e-01 -8.53647869e-01 -6.14219850e+01
-8.56014809e-01 -1.07067926e-01 -5.05742134e-01 1.41547394e+02 -2.16551509e-01 9.62610932e-01 1.62744089e-01 -2.82252212e+01 4.69408235e-01 2.48830572e-01 -8.47194933e-01 -6.02618275e+01
-8.49636160e-01 -9.95848832e-02 -5.17881498e-01 1.42276850e+02 -2.13181740e-01 9.63054731e-01 1.64557379e-01 -2.84474938e+01 4.82360800e-01 2.50216779e-01 -8.39475802e-01 -5.90871546e+01
-8.42559760e-01 -9.59958327e-02 -5.29979105e-01 1.43024582e+02 -2.14351654e-01 9.62470971e-01 1.66442176e-01 -2.86814032e+01 4.94111749e-01 2.53839377e-01 -8.31516176e-01 -5.78660390e+01
-8.36653568e-01 -8.86137994e-02 -5.40516791e-01 1.43784435e+02 -2.11264205e-01 9.62674938e-01 1.69187468e-01 -2.89078113e+01 5.05349624e-01 2.55743149e-01 -8.24146346e-01 -5.66648053e+01
-8.29856581e-01 -8.14072825e-02 -5.52006259e-01 1.44532023e+02 -2.09164863e-01 9.62546303e-01 1.72495435e-01 -2.91132806e+01 5.17289199e-01 2.58606786e-01 -8.15802927e-01 -5.55226143e+01
-8.22820370e-01 -7.45080959e-02 -5.63396115e-01 1.45281394e+02 -2.07623128e-01 9.62251033e-01 1.75970413e-01 -2.93465825e+01 5.29017273e-01 2.61766105e-01 -8.07229355e-01 -5.43798821e+01
-8.14957147e-01 -6.55277709e-02 -5.75804619e-01 1.46065533e+02 -2.05242087e-01 9.61823356e-01 1.81029053e-01 -2.95765871e+01 5.41959901e-01 2.65710263e-01 -7.97293875e-01 -5.32677261e+01
-8.06831000e-01 -5.63210505e-02 -5.88091555e-01 1.46662067e+02 -2.02107954e-01 9.61696672e-01 1.85180683e-01 -2.97526503e+01 5.55136120e-01 2.68267497e-01 -7.87309620e-01 -5.24502112e+01
-7.97884401e-01 -4.75709158e-02 -6.00930521e-01 1.47123869e+02 -1.99804628e-01 9.61398754e-01 1.89183895e-01 -2.98741816e+01 5.68734203e-01 2.71015578e-01 -7.76589958e-01 -5.18437675e+01
-7.86416639e-01 -3.97956675e-02 -6.16413153e-01 1.47651873e+02 -1.98391088e-01 9.61323816e-01 1.91043181e-01 -3.00132912e+01 5.84969954e-01 2.72530412e-01 -7.63896150e-01 -5.11974249e+01
-7.75612473e-01 -2.94198155e-02 -6.30523407e-01 1.48270417e+02 -1.94950954e-01 9.61241239e-01 1.94960013e-01 -3.02020811e+01 6.00349413e-01 2.74134558e-01 -7.51286115e-01 -5.04227970e+01
-7.64072492e-01 -2.24438932e-02 -6.44739868e-01 1.48754250e+02 -1.94585413e-01 9.60868157e-01 1.97151977e-01 -3.03291225e+01 6.15085151e-01 2.76095376e-01 -7.38540182e-01 -4.98464381e+01
-7.51959495e-01 -1.44545220e-02 -6.59050821e-01 1.49363485e+02 -1.92948229e-01 9.60801567e-01 1.99076189e-01 -3.05035545e+01 6.30339510e-01 2.76859920e-01 -7.25272836e-01 -4.91454774e+01
-7.41068496e-01 -1.44219375e-03 -6.71427884e-01 1.50053336e+02 -1.89110201e-01 9.59962407e-01 2.06662791e-01 -3.07134826e+01 6.44247480e-01 2.80125146e-01 -7.11670631e-01 -4.83580698e+01
-7.27291212e-01 1.52563602e-02 -6.86159411e-01 1.50608655e+02 -1.81427323e-01 9.59916372e-01 2.13646167e-01 -3.09307542e+01 6.61915115e-01 2.79871045e-01 -6.95370821e-01 -4.77960807e+01
-7.12895069e-01 2.83561962e-02 -7.00697186e-01 1.51050154e+02 -1.78035391e-01 9.59127605e-01 2.19949168e-01 -3.10702689e+01 6.78294936e-01 2.81549575e-01 -6.78708933e-01 -4.73294873e+01
-6.97453237e-01 3.36431779e-02 -7.15840148e-01 1.51406593e+02 -1.76827905e-01 9.59931617e-01 2.17400973e-01 -3.11899767e+01 6.94471651e-01 2.78207526e-01 -6.63558361e-01 -4.69376838e+01
-6.79614354e-01 4.38196203e-02 -7.32259633e-01 1.51944572e+02 -1.73124414e-01 9.60436209e-01 2.18151841e-01 -3.13495023e+01 7.12847997e-01 2.75031142e-01 -6.45139988e-01 -4.64524870e+01
-6.60568881e-01 5.19521348e-02 -7.48965773e-01 1.52584007e+02 -1.72549444e-01 9.60391785e-01 2.18801983e-01 -3.15272370e+01 7.30667806e-01 2.73767409e-01 -6.25440615e-01 -4.59061982e+01
-6.40514472e-01 6.06858418e-02 -7.65544538e-01 1.53096221e+02 -1.74377648e-01 9.59339513e-01 2.21946242e-01 -3.16348985e+01 7.47886119e-01 2.75653636e-01 -6.03888587e-01 -4.54900405e+01
-6.21208531e-01 7.21040600e-02 -7.80321066e-01 1.53701146e+02 -1.74294456e-01 9.58103512e-01 2.27286388e-01 -3.18121166e+01 7.64016625e-01 2.77197879e-01 -5.82614738e-01 -4.49771700e+01
-6.00018477e-01 7.98245865e-02 -7.95993632e-01 1.54404558e+02 -1.74072643e-01 9.58140426e-01 2.27300770e-01 -3.20054251e+01 7.80817868e-01 2.74945377e-01 -5.61006682e-01 -4.44507202e+01
-5.78732216e-01 8.66382107e-02 -8.10902487e-01 1.54983991e+02 -1.74180265e-01 9.58264801e-01 2.26693199e-01 -3.21685792e+01 7.96699603e-01 2.72437868e-01 -5.39488045e-01 -4.40380152e+01
-5.55753784e-01 9.68743451e-02 -8.25683409e-01 1.55676760e+02 -1.73859371e-01 9.57682761e-01 2.29383189e-01 -3.23384608e+01 8.12964114e-01 2.71033374e-01 -5.15393306e-01 -4.36009995e+01
-5.32407615e-01 1.05949072e-01 -8.39831487e-01 1.56235550e+02 -1.74015421e-01 9.57246888e-01 2.31077970e-01 -3.24878838e+01 8.28408574e-01 2.69171301e-01 -4.91208760e-01 -4.32610661e+01
-5.07617951e-01 1.15004460e-01 -8.53872350e-01 1.56738511e+02 -1.73317719e-01 9.57162159e-01 2.31951652e-01 -3.26217701e+01 8.43969777e-01 2.65734030e-01 -4.65940384e-01 -4.29677539e+01
-4.83552620e-01 1.27074262e-01 -8.66042144e-01 1.57213014e+02 -1.70864410e-01 9.56669278e-01 2.35773718e-01 -3.27379126e+01 8.58476684e-01 2.61984779e-01 -4.40887467e-01 -4.27057143e+01
-4.59657683e-01 1.38447075e-01 -8.77238406e-01 1.57736323e+02 -1.71157047e-01 9.55446418e-01 2.40473299e-01 -3.28664525e+01 8.71447118e-01 2.60680935e-01 -4.15482094e-01 -4.24157236e+01
-4.30049214e-01 1.45460487e-01 -8.91010056e-01 1.58214724e+02 -1.71807895e-01 9.55712477e-01 2.38947082e-01 -3.29864835e+01 8.86306787e-01 2.55841567e-01 -3.86012139e-01 -4.22107930e+01
-4.00108125e-01 1.53013982e-01 -9.03604011e-01 1.58700568e+02 -1.73366529e-01 9.55524862e-01 2.38571341e-01 -3.31092704e+01 8.99920849e-01 2.52109023e-01 -3.55785758e-01 -4.20211587e+01
-3.66304914e-01 1.64590697e-01 -9.15822370e-01 1.59186330e+02 -1.71967076e-01 9.55302216e-01 2.40468294e-01 -3.32268111e+01 9.14465984e-01 2.45576013e-01 -3.21627715e-01 -4.18699451e+01
-3.33142918e-01 1.72566988e-01 -9.26950069e-01 1.59710269e+02 -1.68592184e-01 9.56363107e-01 2.38634205e-01 -3.33596648e+01 9.27681234e-01 2.35775832e-01 -2.89512151e-01 -4.16952492e+01
-3.02297642e-01 1.82876704e-01 -9.35506412e-01 1.60137883e+02 -1.66558892e-01 9.56191166e-01 2.40741748e-01 -3.34756821e+01 9.38549024e-01 2.28592574e-01 -2.58594593e-01 -4.15532968e+01
-2.71716044e-01 1.94301545e-01 -9.42558911e-01 1.60655281e+02 -1.65905202e-01 9.55286425e-01 2.44751528e-01 -3.36178533e+01 9.47969333e-01 2.22878343e-01 -2.27331011e-01 -4.13939956e+01
-2.44725022e-01 1.98148396e-01 -9.49129536e-01 1.61262233e+02 -1.65367881e-01 9.56022967e-01 2.42226237e-01 -3.38057933e+01 9.55386376e-01 2.16234361e-01 -2.01195361e-01 -4.11535736e+01
-2.07396666e-01 2.09077769e-01 -9.55653237e-01 1.61962299e+02 -1.66426474e-01 9.55112188e-01 2.45077411e-01 -3.39611073e+01 9.63996292e-01 2.09874236e-01 -1.63291007e-01 -4.10599764e+01
-1.75580502e-01 2.17378125e-01 -9.60165735e-01 1.62673993e+02 -1.68805120e-01 9.54224527e-01 2.46901568e-01 -3.41358529e+01 9.69884694e-01 2.05431993e-01 -1.30848681e-01 -4.09201065e+01
-1.42569730e-01 2.28789428e-01 -9.62979372e-01 1.63426920e+02 -1.71469859e-01 9.52498044e-01 2.51685447e-01 -3.43040396e+01 9.74818937e-01 2.01004663e-01 -9.65668976e-02 -4.08121280e+01
-1.10166984e-01 2.38884353e-01 -9.64778473e-01 1.64041395e+02 -1.72219826e-01 9.51415898e-01 2.55241298e-01 -3.44751274e+01 9.78878730e-01 1.94273145e-01 -6.36739980e-02 -4.07150772e+01
-7.90268989e-02 2.45402407e-01 -9.66194809e-01 1.64881059e+02 -1.72340085e-01 9.51268945e-01 2.55707430e-01 -3.46986722e+01 9.81862335e-01 1.86721860e-01 -3.28831632e-02 -4.05899239e+01
-4.46561670e-02 2.55379027e-01 -9.65809184e-01 1.65539201e+02 -1.73176716e-01 9.50158107e-01 2.59247753e-01 -3.48595297e+01 9.83877864e-01 1.78832674e-01 1.79528211e-03 -4.05726379e+01
-1.14499304e-02 2.57453732e-01 -9.66222788e-01 1.66066630e+02 -1.70948071e-01 9.51556566e-01 2.55571630e-01 -3.50088080e+01 9.85213508e-01 1.68100199e-01 3.31159622e-02 -4.05606112e+01
1.63441205e-02 2.64629361e-01 -9.64211684e-01 1.66505467e+02 -1.73279029e-01 9.50498424e-01 2.57928525e-01 -3.51225111e+01 9.84737147e-01 1.62862049e-01 6.13897796e-02 -4.05214009e+01
4.79021437e-02 2.70749214e-01 -9.61457356e-01 1.66933120e+02 -1.74853390e-01 9.49972172e-01 2.58803331e-01 -3.52280834e+01 9.83428531e-01 1.55716844e-01 9.28471215e-02 -4.05358784e+01
8.11603185e-02 2.77509765e-01 -9.57288532e-01 1.67255795e+02 -1.75019397e-01 9.49501342e-01 2.60413926e-01 -3.53086080e+01 9.81214153e-01 1.46408784e-01 1.25631423e-01 -4.05824385e+01
1.14851929e-01 2.84543411e-01 -9.51758416e-01 1.67506089e+02 -1.73545630e-01 9.49111656e-01 2.62809778e-01 -3.53863048e+01 9.78105796e-01 1.34989304e-01 1.58388570e-01 -4.06288680e+01
1.44938548e-01 2.90682877e-01 -9.45778136e-01 1.67720383e+02 -1.75266959e-01 9.48298130e-01 2.64598091e-01 -3.54463311e+01 9.73793772e-01 1.27413195e-01 1.88392058e-01 -4.06613647e+01
1.74397845e-01 2.98014504e-01 -9.38494937e-01 1.68342792e+02 -1.76970620e-01 9.47067759e-01 2.67850815e-01 -3.56103506e+01 9.68641725e-01 1.19373426e-01 2.17906388e-01 -4.07824090e+01
2.02772828e-01 3.02967897e-01 -9.31178626e-01 1.68845256e+02 -1.76757912e-01 9.46637554e-01 2.69506924e-01 -3.57477750e+01 9.63140603e-01 1.09944508e-01 2.45504347e-01 -4.08928013e+01
2.31017638e-01 3.09703932e-01 -9.22341762e-01 1.69230037e+02 -1.77184192e-01 9.45524775e-01 2.73109250e-01 -3.58606247e+01 9.56679995e-01 1.00331326e-01 2.73307541e-01 -4.09911659e+01
2.59255468e-01 3.15499466e-01 -9.12823471e-01 1.70074016e+02 -1.77385054e-01 9.44615792e-01 2.76107857e-01 -3.61238107e+01 9.49379347e-01 9.03387690e-02 3.00861699e-01 -4.12379116e+01
2.86067356e-01 3.21983990e-01 -9.02491982e-01 1.70880943e+02 -1.79296134e-01 9.43204074e-01 2.79676546e-01 -3.63706049e+01 9.41285485e-01 8.18069930e-02 3.27550380e-01 -4.14751653e+01
3.13957837e-01 3.26141621e-01 -8.91662559e-01 1.71912078e+02 -1.81105829e-01 9.42476686e-01 2.80959738e-01 -3.66395177e+01 9.32003839e-01 7.32757756e-02 3.54964091e-01 -4.18366519e+01
