1.00000000e+00 0.00000000e+00 0.00000000e+00 0.00000000e+00 0.00000000e+00 1.00000000e+00 0.00000000e+00 0.00000000e+00 0.00000000e+00 0.00000000e+00 1.00000000e+00 0.00000000e+00
9.99989056e-01 -1.46409301e-03 -4.44355582e-03 4.94178081e-02 1.47182975e-03 9.99997406e-01 1.73834424e-03 -4.65264592e-03 4.44099920e-03 -1.74486537e-03 9.99988616e-01 -4.95293961e-01
9.93239890e-01 1.07085115e-02 -1.15584808e-01 -2.10258465e-01 -5.74207365e-03 9.99049266e-01 4.32156615e-02 1.03116725e-01 1.15937693e-01 -4.22598224e-02 9.92357072e-01 -1.19377419e+00
9.99969658e-01 -3.89456577e-03 -6.74650750e-03 3.95280326e-02 3.90217164e-03 9.99991765e-01 1.11458343e-03 6.20983492e-03 6.74211113e-03 -1.14087564e-03 9.99976621e-01 -1.41787105e+00
9.99971594e-01 -3.81509798e-03 -6.50044979e-03 4.22204089e-02 3.82200678e-03 9.99992144e-01 1.05072812e-03 9.65117653e-03 6.49639010e-03 -1.07554304e-03 9.99978320e-01 -1.74459170e+00
9.99969384e-01 -4.17401522e-03 -6.61878661e-03 4.20220621e-02 4.17804882e-03 9.99991094e-01 5.95707093e-04 1.47090298e-02 6.61624118e-03 -6.23342469e-04 9.99977918e-01 -2.01052292e+00
9.99947556e-01 -8.43543160e-03 -5.80765854e-03 1.32897240e-02 8.45494869e-03 9.99958664e-01 3.34426785e-03 9.04794032e-03 5.77920813e-03 -3.39319592e-03 9.99977543e-01 -2.44137880e+00
9.99957534e-01 -6.40870188e-03 -6.62263067e-03 2.52033963e-02 6.43013723e-03 9.99974141e-01 3.22047302e-03 2.05027676e-02 6.60182036e-03 -3.26292068e-03 9.99972884e-01 -2.79843123e+00
9.99973760e-01 -5.00268985e-03 -5.23947295e-03 2.56300477e-02 5.01374024e-03 9.99985230e-01 2.09805901e-03 2.55471295e-02 5.22889963e-03 -2.12427331e-03 9.99984073e-01 -3.13026688e+00
9.99976295e-01 -6.03664361e-03 -3.31198354e-03 -3.38609064e-02 6.04493732e-03 9.99978604e-01 2.49988307e-03 2.82520156e-02 3.29682178e-03 -2.51984454e-03 9.99991391e-01 -4.11772881e+00
9.99981037e-01 -6.07910567e-03 -9.84606246e-04 -3.31558142e-02 6.08202956e-03 9.99977021e-01 2.99433981e-03 3.95080330e-02 9.66380713e-04 -3.00027143e-03 9.99995032e-01 -4.94504938e+00
9.99980667e-01 -6.21220492e-03 2.71108878e-04 -1.76171228e-02 6.21137610e-03 9.99976335e-01 2.95779742e-03 5.87763687e-02 -2.89476906e-04 -2.95605628e-03 9.99995589e-01 -5.65150703e+00
9.99962472e-01 -8.46770027e-03 1.83096671e-03 -3.04056901e-02 8.46081246e-03 9.99957222e-01 3.73741886e-03 5.19279978e-02 -1.86253573e-03 -3.72178714e-03 9.99991340e-01 -6.18452547e+00
9.84026658e-01 3.64046220e-03 -1.77983940e-01 -2.91479502e-01 8.75016632e-03 9.97593337e-01 6.87820359e-02 1.32487500e-01 1.77805991e-01 -6.92407460e-02 9.81626583e-01 -2.33630312e+00
9.99839934e-01 1.04935480e-02 1.44910742e-02 -3.40203402e-01 -1.09602781e-02 9.99411202e-01 3.25134113e-02 -1.35999079e+00 -1.41413609e-02 -3.26670333e-02 9.99366243e-01 -1.20237082e+01
9.98584648e-01 5.23963381e-02 -9.12822252e-03 6.95389942e-01 -5.28412646e-02 9.96895699e-01 -5.83675016e-02 2.60987776e+00 6.04164243e-03 5.87672379e-02 9.98253430e-01 -1.41579068e+01
9.98582418e-01 5.28652861e-02 -6.19809155e-03 6.85332341e-01 -5.31347068e-02 9.96930940e-01 -5.74926421e-02 2.63011511e+00 3.13970426e-03 5.77404754e-02 9.98326690e-01 -1.44938033e+01
9.98623298e-01 5.22557627e-02 -4.56561506e-03 6.85334489e-01 -5.24307568e-02 9.97013653e-01 -5.66991237e-02 2.65345980e+00 1.58912460e-03 5.68604445e-02 9.98380871e-01 -1.47949747e+01
9.98631277e-01 5.21021668e-02 -4.57572148e-03 6.91330710e-01 -5.22763221e-02 9.97078945e-01 -5.56845002e-02 2.67052440e+00 1.66107243e-03 5.58474854e-02 9.98437930e-01 -1.50708540e+01
9.98681484e-01 5.12178510e-02 -3.46763028e-03 6.90499078e-01 -5.13318344e-02 9.97099196e-01 -5.61981883e-02 2.68860574e+00 5.79220932e-04 5.63020899e-02 9.98413611e-01 -1.53203596e+01
9.78519823e-01 -3.44341036e-02 -2.03256606e-01 -4.02943679e-01 5.01390927e-02 9.96097925e-01 7.26291624e-02 1.43832665e-01 1.99962564e-01 -8.12601770e-02 9.76428060e-01 -3.34910645e+00
9.72004289e-01 -1.16005504e-01 -2.04329108e-01 -6.26947074e-01 1.24080053e-01 9.91901680e-01 2.71145424e-02 2.91091516e-01 1.99528950e-01 -5.17086182e-02 9.78526656e-01 -4.39658558e+00
9.60204726e-01 -2.06677039e-01 -1.87860282e-01 -8.30405212e-01 1.92038934e-01 9.76948009e-01 -9.32396659e-02 8.89418591e-01 2.02800227e-01 5.34526796e-02 9.77760134e-01 -5.31075757e+00
9.97032916e-01 2.63176379e-02 7.23377285e-02 -7.76273645e-01 -2.28085380e-02 9.98542474e-01 -4.89152221e-02 2.57987862e+00 -7.35196275e-02 4.71201687e-02 9.96179981e-01 -1.67572678e+01
9.93883962e-01 4.31416441e-02 1.01653674e-01 -1.42080652e+00 -3.68176231e-02 9.97315976e-01 -6.32874896e-02 2.87705044e+00 -1.04111159e-01 5.91577742e-02 9.92804726e-01 -1.73653983e+01
9.93733417e-01 4.44764548e-02 1.02546289e-01 -1.50165076e+00 -3.81756966e-02 9.97307784e-01 -6.26083034e-02 2.94616558e+00 -1.05054808e-01 5.83011873e-02 9.92755992e-01 -1.81721405e+01
9.93456950e-01 4.71109543e-02 1.04037712e-01 -1.57577054e+00 -4.08281758e-02 9.97258359e-01 -6.17156786e-02 3.00726721e+00 -1.06659962e-01 5.70641999e-02 9.92656703e-01 -1.88513902e+01
9.93371455e-01 4.66058264e-02 1.05076395e-01 -1.68909313e+00 -4.02553936e-02 9.97278367e-01 -6.17686167e-02 3.09415571e+00 -1.07669194e-01 5.71292890e-02 9.92543999e-01 -1.99157369e+01
9.93164266e-01 4.72363390e-02 1.06740192e-01 -1.86903189e+00 -4.07390854e-02 9.97228646e-01 -6.22523382e-02 3.19133789e+00 -1.09384949e-01 5.74783000e-02 9.92336222e-01 -2.12459568e+01
9.92689017e-01 4.62339381e-02 1.11494118e-01 -2.15224900e+00 -3.95067389e-02 9.97305733e-01 -6.18101283e-02 3.27343044e+00 -1.14051449e-01 5.69534665e-02 9.91841000e-01 -2.24989586e+01
9.92489657e-01 4.50862739e-02 1.13716788e-01 -2.34358075e+00 -3.83320220e-02 9.97407614e-01 -6.08991654e-02 3.33226184e+00 -1.16167706e-01 5.60827974e-02 9.91644989e-01 -2.35103786e+01
9.92281415e-01 4.46670101e-02 1.15682549e-01 -2.49761262e+00 -3.77528703e-02 9.97406034e-01 -6.12855953e-02 3.42286498e+00 -1.18119916e-01 5.64452090e-02 9.91393778e-01 -2.45473699e+01
9.92245895e-01 4.63524165e-02 1.15323623e-01 -2.59533749e+00 -3.92302931e-02 9.97224468e-01 -6.32798935e-02 3.51859059e+00 -1.17936714e-01 5.82650350e-02 9.91310303e-01 -2.53707375e+01
9.45549112e-01 -3.12019027e-01 -9.26337056e-02 -1.64888893e+00 2.65915705e-01 9.04679293e-01 -3.32932749e-01 2.27993739e+00 1.87685148e-01 2.90171508e-01 9.38389461e-01 -6.25138761e+00
9.92178321e-01 4.61571160e-02 1.15981462e-01 -2.74130938e+00 -3.87159989e-02 9.97093831e-01 -6.56122167e-02 3.63104778e+00 -1.18672871e-01 6.06086808e-02 9.91081902e-01 -2.66572122e+01
9.92018214e-01 4.57691112e-02 1.17494904e-01 -2.83616777e+00 -3.82920506e-02 9.97142120e-01 -6.51253517e-02 3.68026085e+00 -1.20139847e-01 6.01064142e-02 9.90935738e-01 -2.72059184e+01
9.92133575e-01 4.64093276e-02 1.16263251e-01 -2.86204071e+00 -3.88743338e-02 9.97044807e-01 -6.62603810e-02 3.73835547e+00 -1.18994770e-01 6.12194923e-02 9.91005761e-01 -2.76942799e+01
9.92449780e-01 4.47346689e-02 1.14202645e-01 -2.88198976e+00 -3.70935642e-02 9.96983298e-01 -6.81789650e-02 3.78252456e+00 -1.16908093e-01 6.34280157e-02 9.91115223e-01 -2.81287344e+01
9.92557525e-01 4.46396514e-02 1.13299872e-01 -2.93646296e+00 -3.66907440e-02 9.96779895e-01 -7.12995769e-02 3.82382572e+00 -1.16117823e-01 6.66118750e-02 9.90999248e-01 -2.85674382e+01
9.92971304e-01 4.49519270e-02 1.09486595e-01 -2.96383175e+00 -3.68764471e-02 9.96524130e-01 -7.46979686e-02 3.86713977e+00 -1.12463851e-01 7.01354627e-02 9.91177532e-01 -2.89804247e+01
9.93131603e-01 4.38822591e-02 1.08461820e-01 -3.01700413e+00 -3.55650920e-02 9.96360707e-01 -7.74626673e-02 3.90225261e+00 -1.11466332e-01 7.30731684e-02 9.91077983e-01 -2.93786954e+01
9.93199472e-01 4.56585236e-02 1.07098590e-01 -3.06169469e+00 -3.71792138e-02 9.96111215e-01 -7.98758593e-02 3.94714193e+00 -1.10329121e-01 7.53508199e-02 9.91034681e-01 -2.97530648e+01
9.93232609e-01 4.73831718e-02 1.06036876e-01 -3.11538185e+00 -3.91490002e-02 9.96150464e-01 -7.84321947e-02 3.98500564e+00 -1.09345049e-01 7.37501757e-02 9.91264128e-01 -3.01260656e+01
9.93812369e-01 4.32246693e-02 1.02316195e-01 -3.14425047e+00 -3.55547445e-02 9.96501472e-01 -7.56351584e-02 4.00811736e+00 -1.05227544e-01 7.15293297e-02 9.91872330e-01 -3.04836439e+01
8.92408352e-01 -3.46877136e-01 2.88588958e-01 -4.97064651e+00 4.49036074e-01 6.19722817e-01 -6.43669352e-01 4.54299507e+00 4.44290194e-02 7.04002758e-01 7.08806165e-01 -7.08483138e+00
1.15110148e-01 -7.65589947e-01 6.32946827e-01 -5.17835251e+00 7.94748749e-01 4.53231937e-01 4.03677145e-01 -4.90807883e+00 -5.95922881e-01 4.56566363e-01 6.60623248e-01 -5.89768127e+00
3.25775789e-01 -8.48417644e-01 4.17202154e-01 5.72998996e-01 5.96117340e-01 5.26833668e-01 6.05879859e-01 -2.40958918e+00 -7.33835304e-01 5.13204493e-02 6.77386122e-01 -6.73278511e+00
-6.79566058e-02 -9.84108879e-01 1.64047599e-01 2.58869160e+00 4.65010547e-01 1.14232850e-01 8.77904350e-01 1.13304287e+00 -8.82693090e-01 1.35943263e-01 4.49858131e-01 -8.10884467e+00
-1.00938360e-01 -9.90882807e-01 8.92340166e-02 4.09146003e+00 2.11387577e-01 6.62839521e-02 9.75152157e-01 3.10620124e+00 -9.72176291e-01 1.17293222e-01 2.02769722e-01 -1.10548138e+01
2.43575437e-01 -8.36721844e-01 4.90476873e-01 6.88607866e+00 -2.27385136e-01 4.42348222e-01 8.67539077e-01 -4.08591063e+00 -9.42850469e-01 -3.22838361e-01 -8.25129487e-02 -8.83324451e+00
5.16979516e-01 -5.52690327e-01 6.53655553e-01 7.97341560e+00 -3.15571661e-01 5.86775022e-01 7.45727564e-01 -5.71545564e+00 -7.95705163e-01 -5.91801044e-01 1.28937262e-01 -5.96452728e+00
7.08472940e-01 -3.40381187e-01 6.18228713e-01 8.38648357e+00 -2.48500401e-01 6.99583793e-01 6.69947809e-01 -5.37982062e+00 -6.60540418e-01 -6.28269977e-01 4.11051325e-01 -4.61461177e+00
8.38780751e-01 -1.70513035e-01 5.17080416e-01 8.50573948e+00 -1.76316827e-01 8.13455832e-01 5.54258050e-01 -5.00554748e+00 -5.15130302e-01 -5.56070962e-01 6.52246777e-01 -3.90851508e+00
8.60256046e-01 8.76873275e-02 5.02265337e-01 7.25990927e+00 -2.03800693e-01 9.62118349e-01 1.81089924e-01 -5.02750006e+00 -4.67359405e-01 -2.58145725e-01 8.45538864e-01 -5.09619787e+00
1.84156671e-01 8.05854764e-01 5.62747207e-01 -2.04817646e+00 -4.36860060e-01 5.79986997e-01 -6.87581538e-01 -3.90198990e+00 -8.80476921e-01 -1.19219052e-01 4.58854235e-01 -8.95114581e+00
-2.71631446e-01 -6.82287404e-01 6.78749038e-01 -1.90132884e+00 -5.41011075e-01 6.91534656e-01 4.78630166e-01 -5.35212010e+00 -7.95941816e-01 -2.37199743e-01 -5.56967600e-01 -7.93847212e+00
5.67833983e-01 -5.73504587e-01 5.90471893e-01 6.01263008e+00 -4.21353682e-01 4.13718928e-01 8.07030188e-01 -3.65677992e+00 -7.07124913e-01 -7.07056672e-01 -6.72460279e-03 -6.26649407e+00
8.35677662e-01 -4.22992393e-01 3.50314546e-01 7.75549753e+00 -1.58300224e-01 4.25264431e-01 8.91117951e-01 -8.19250703e-01 -5.25912431e-01 -8.00142237e-01 2.88424195e-01 -4.16777035e+00
9.17822018e-01 -3.61022242e-01 1.65123236e-01 7.72181012e+00 2.38003371e-02 4.65227014e-01 8.84871386e-01 8.90100448e-01 -3.96278042e-01 -8.08224452e-01 4.35588048e-01 -2.83721122e+00
9.50611936e-01 -3.09924354e-01 1.68476175e-02 7.31989958e+00 1.50957959e-01 5.09087643e-01 8.47373275e-01 1.95334400e+00 -2.71198529e-01 -8.02979867e-01 5.30730338e-01 -1.71816857e+00
9.69875825e-01 -1.94716599e-01 -1.46377359e-01 6.99584188e+00 2.29816805e-01 5.32129120e-01 8.14875963e-01 2.49270141e+00 -8.07782207e-02 -8.23968474e-01 5.60848316e-01 -1.23728151e-02
9.54610821e-01 -8.38251136e-02 -2.85817302e-01 6.32434328e+00 2.81047558e-01 5.71285561e-01 7.71132335e-01 2.84243767e+00 9.86430422e-02 -8.16459526e-01 5.68914222e-01 1.21905895e+00
9.22970389e-01 8.26382948e-02 -3.75894364e-01 5.72720141e+00 2.45488008e-01 6.25795311e-01 7.40348476e-01 2.64695584e+00 2.96414066e-01 -7.75597280e-01 5.57303831e-01 2.48933722e+00
8.55188429e-01 2.27750860e-01 -4.65598857e-01 4.95993739e+00 2.17397310e-01 6.57846070e-01 7.21094278e-01 2.48917337e+00 4.70522220e-01 -7.17891422e-01 5.13069923e-01 3.53578241e+00
7.68445684e-01 4.11866909e-01 -4.89751855e-01 4.27039853e+00 1.04166379e-01 6.74620312e-01 7.30778215e-01 1.90442194e+00 6.31379914e-01 -6.12579043e-01 4.75506383e-01 4.50848292e+00
6.74845522e-01 5.42261630e-01 -5.00535560e-01 3.56646071e+00 7.20974509e-03 6.73393034e-01 7.39249512e-01 1.43547191e+00 7.37923805e-01 -5.02487957e-01 4.50526705e-01 5.10214193e+00
5.91372918e-01 6.41843417e-01 -4.88175277e-01 2.99046605e+00 -9.95067035e-02 6.58833097e-01 7.45679131e-01 9.33154753e-01 8.00235271e-01 -3.92397731e-01 4.53483773e-01 5.46383467e+00
5.16450894e-01 7.23759935e-01 -4.57657111e-01 2.54956358e+00 -2.07153976e-01 6.24170280e-01 7.53325091e-01 4.41453379e-01 8.30882485e-01 -2.94249927e-01 4.72283047e-01 5.65157298e+00
4.69382193e-01 7.73264930e-01 -4.26311747e-01 2.28949716e+00 -3.07967169e-01 5.95849867e-01 7.41700181e-01 -1.83487491e-02 8.27548536e-01 -2.16850836e-01 5.17821529e-01 5.69844828e+00
4.63538430e-01 7.99199161e-01 -3.82639288e-01 2.27840718e+00 -4.03854459e-01 5.74929913e-01 7.11587782e-01 -4.85764192e-01 7.88691131e-01 -1.75317700e-01 5.89262254e-01 5.64347161e+00
4.73688460e-01 8.19341722e-01 -3.22952606e-01 2.41291009e+00 -5.10643118e-01 5.54290427e-01 6.57271427e-01 -1.05788842e+00 7.17539441e-01 -1.46428364e-01 6.80952190e-01 5.42921124e+00
4.95606917e-01 8.31222671e-01 -2.51878254e-01 2.63175691e+00 -6.28153427e-01 5.43309243e-01 5.56990429e-01 -1.77490527e+00 5.99830856e-01 -1.17830121e-01 7.91403188e-01 5.01816242e+00
5.32991198e-01 8.20692144e-01 -2.05875660e-01 2.87298249e+00 -7.28580411e-01 5.68874866e-01 3.81512741e-01 -2.48720703e+00 4.30221998e-01 -5.33459603e-02 9.01145516e-01 4.39597934e+00
6.10717476e-01 7.76276646e-01 -1.56264948e-01 3.27530052e+00 -7.43359595e-01 6.30041443e-01 2.24642589e-01 -2.68526359e+00 2.72838189e-01 -2.10321062e-02 9.61830013e-01 3.76714383e+00
5.28790763e-01 8.36982355e-01 1.40857609e-01 -1.15152814e+01 -8.46948889e-01 5.31162568e-01 2.33217927e-02 6.28550461e+00 -5.52983603e-02 -1.31631544e-01 9.89755135e-01 -1.96197259e+01
7.84993930e-01 -6.13239190e-01 8.78761966e-02 -1.48126762e+01 -7.60171763e-02 4.54274978e-02 9.96071148e-01 -1.47575031e+01 -6.14821859e-01 -7.88589905e-01 -1.09564015e-02 -1.59933417e+00
-8.22249000e-01 1.33062491e-01 5.53354276e-01 -7.70732137e+00 5.25397662e-01 5.51226356e-01 6.48156463e-01 -1.52716849e+00 -2.18778148e-01 8.23677047e-01 -5.23156042e-01 -4.90283928e+00
7.23122007e-01 -3.84327568e-01 5.73922367e-01 -9.89964981e+00 6.83196709e-01 2.75669320e-01 -6.76201659e-01 6.76046208e+00 1.01670150e-01 8.81078173e-01 4.61913882e-01 -1.07893595e+01
-9.14188665e-01 2.05539268e-01 3.49303155e-01 -1.21045527e+01 3.30611562e-01 8.76711666e-01 3.49388966e-01 8.26714618e-01 -2.34424999e-01 4.34891094e-01 -8.69433526e-01 -9.54886947e+00
9.69698775e-01 -2.15334559e-01 1.15392000e-01 -6.33605185e+00 2.37306872e-01 9.42465907e-01 -2.35464354e-01 1.52252738e+00 -5.80494130e-02 2.55712810e-01 9.65008406e-01 -1.01010403e+01
-6.24569994e-01 -7.41184617e-01 2.46084712e-01 -3.74689057e+00 -1.16982014e-02 3.23945382e-01 9.46003458e-01 3.64788633e+00 -7.80881217e-01 5.87966625e-01 -2.10997092e-01 -1.96068071e+01
8.49035200e-01 2.12856516e-01 4.83561096e-01 -1.68139375e+01 -3.97928740e-02 9.38415852e-01 -3.43208705e-01 1.39709583e+01 -5.26835607e-01 2.72153986e-01 8.05218263e-01 -2.72024586e+01
8.54025113e-01 2.12404081e-01 4.74895370e-01 -1.65032031e+01 -4.06547363e-02 9.37310787e-01 -3.46115126e-01 1.40800069e+01 -5.18640818e-01 2.76284263e-01 8.09122183e-01 -2.73438372e+01
8.56939965e-01 2.00891553e-01 4.74654063e-01 -1.65173566e+01 -4.09863483e-02 9.44558151e-01 -3.25776025e-01 1.33591353e+01 -5.13784016e-01 2.59716159e-01 8.17663441e-01 -2.76556549e+01
8.61727388e-01 2.07760750e-01 4.62883764e-01 -1.60793025e+01 -4.37492247e-02 9.39345653e-01 -3.40170177e-01 1.38726276e+01 -5.05481863e-01 2.72883152e-01 8.18549248e-01 -2.76946360e+01
8.56514056e-01 2.02591386e-01 4.74700328e-01 -1.65189798e+01 -4.26886196e-02 9.44397414e-01 -3.26023322e-01 1.33694368e+01 -5.14355279e-01 2.58979256e-01 8.17538006e-01 -2.76995279e+01
8.56219004e-01 2.03297248e-01 4.74930780e-01 -1.65249736e+01 -3.98446947e-02 9.42564940e-01 -3.31637956e-01 1.35677241e+01 -5.15074186e-01 2.65031248e-01 8.15142331e-01 -2.76053628e+01
8.57803205e-01 1.99857848e-01 4.73529833e-01 -1.64772797e+01 -3.49712039e-02 9.41863154e-01 -3.34171833e-01 1.36579547e+01 -5.12787165e-01 2.70093761e-01 8.14922502e-01 -2.76200129e+01
8.52309071e-01 2.09493577e-01 4.79251175e-01 -1.66667937e+01 -3.85575743e-02 9.38955482e-01 -3.41871197e-01 1.39290620e+01 -5.21615338e-01 2.72901160e-01 8.08357839e-01 -2.73864174e+01
8.59207337e-01 2.06144796e-01 4.68259624e-01 -1.62676115e+01 -4.16841757e-02 9.40398144e-01 -3.37511127e-01 1.37703298e+01 -5.09926643e-01 2.70473020e-01 8.16589961e-01 -2.76769712e+01
8.56528819e-01 1.98107340e-01 4.76562551e-01 -1.65787869e+01 -3.79225887e-02 9.45055882e-01 -3.24701797e-01 1.33162718e+01 -5.14704051e-01 2.60043961e-01 8.16980341e-01 -2.77061348e+01
8.80351581e-01 1.70436503e-01 4.42642623e-01 -1.04061035e+01 -4.19662921e-01 7.14793837e-01 5.59421847e-01 1.63274832e+00 -2.21052316e-01 -6.78248604e-01 7.00795765e-01 -7.51992001e+00
8.48634101e-01 1.99601386e-01 4.89876973e-01 -1.70488911e+01 -3.21065199e-02 9.43806160e-01 -3.28936322e-01 1.34717955e+01 -5.28005051e-01 2.63418335e-01 8.07354598e-01 -2.74255701e+01
8.53195134e-01 2.16390062e-01 4.74587615e-01 -1.64567495e+01 -4.80689016e-02 9.38631318e-01 -3.41556187e-01 1.39094534e+01 -5.19372163e-01 2.68601171e-01 8.11237306e-01 -2.75048015e+01
-8.88929417e-01 -3.02924972e-02 4.57041417e-01 -2.96290037e+00 9.93028494e-02 9.61334104e-01 2.56857323e-01 8.00980603e+00 -4.47150351e-01 2.73713545e-01 -8.51550033e-01 -1.27978193e+01
5.34697177e-01 7.42299874e-01 4.03843814e-01 -1.50943267e+01 -2.06437474e-01 5.78158153e-01 -7.89377425e-01 4.80198577e+00 -8.19440357e-01 3.38709383e-01 4.62378044e-01 -1.47965181e+01
8.60378865e-01 2.17024757e-01 4.61138225e-01 -1.59416079e+01 -6.75456050e-02 9.45379232e-01 -3.18897630e-01 1.30863578e+01 -5.05159182e-01 2.43224921e-01 8.28043380e-01 -2.81419805e+01
8.47743839e-01 2.13558335e-01 4.85513358e-01 -1.68300919e+01 -4.22100621e-02 9.39622006e-01 -3.39600937e-01 1.38408028e+01 -5.28723646e-01 2.67401053e-01 8.05573077e-01 -2.73576294e+01
8.49929500e-01 2.40042405e-01 4.69041030e-01 -1.61798085e+01 -6.82317553e-02 9.32842821e-01 -3.53763619e-01 1.43321548e+01 -5.22459828e-01 2.68670643e-01 8.09229148e-01 -2.75243583e+01
8.45856118e-01 2.23556154e-01 4.84303700e-01 -1.67556724e+01 -4.14973271e-02 9.32764349e-01 -3.58090269e-01 1.45024304e+01 -5.31794509e-01 2.82795536e-01 7.98261414e-01 -2.71315849e+01
8.32914729e-01 2.01746929e-01 5.15316632e-01 -1.79176816e+01 -1.55407601e-02 9.39340472e-01 -3.42633862e-01 1.39671220e+01 -5.53183097e-01 2.77376378e-01 7.85525815e-01 -2.67376712e+01
8.39082086e-01 2.01164552e-01 5.05444434e-01 -1.75540664e+01 -3.04961353e-02 9.45050327e-01 -3.25499409e-01 1.33484403e+01 -5.43149371e-01 2.57706621e-01 7.99109541e-01 -2.72306004e+01
8.40804179e-01 2.16260276e-01 4.96265882e-01 -1.71927598e+01 -4.39691973e-02 9.40990421e-01 -3.35564804e-01 1.37011457e+01 -5.39550778e-01 2.60323877e-01 8.00697469e-01 -2.72917090e+01
8.39791007e-01 1.89750358e-01 5.08670685e-01 -1.76855010e+01 -2.35842015e-02 9.48799874e-01 -3.14996166e-01 1.29788032e+01 -5.42397318e-01 2.52534356e-01 8.01268712e-01 -2.73136287e+01
8.42463181e-01 2.02587508e-01 4.99213471e-01 -1.73183778e+01 -2.67521041e-02 9.41194959e-01 -3.36803167e-01 1.37524121e+01 -5.38089317e-01 2.70389257e-01 7.98341742e-01 -2.72162001e+01
8.36155700e-01 2.10770424e-01 5.06378785e-01 -1.75662311e+01 -3.38353054e-02 9.41282481e-01 -3.35920321e-01 1.37176733e+01 -5.47447548e-01 2.63748210e-01 7.94190194e-01 -2.70834096e+01
9.62473652e-01 2.07702415e-01 1.74654444e-01 -9.48456745e+00 -2.43412150e-01 9.45284178e-01 2.17228793e-01 9.14120745e+00 -1.19979138e-01 -2.51590004e-01 9.60368407e-01 -1.63007479e+01
8.35048247e-01 2.24258456e-01 5.02396825e-01 -1.73958712e+01 -3.72849952e-02 9.34122993e-01 -3.54998680e-01 1.43884262e+01 -5.48911882e-01 2.77709162e-01 7.88399243e-01 -2.68947554e+01
8.35436274e-01 1.91912896e-01 5.14990944e-01 -1.79067130e+01 -1.23807947e-02 9.43384375e-01 -3.31470416e-01 1.35619454e+01 -5.49447857e-01 2.70546412e-01 7.90513562e-01 -2.69904663e+01
8.39615634e-01 2.17624200e-01 4.97679912e-01 -1.72323679e+01 -5.26414459e-02 9.44519998e-01 -3.24208038e-01 1.32853291e+01 -5.40624144e-01 2.46011547e-01 8.04489809e-01 -2.75178088e+01
7.47942346e-01 2.13879345e-01 6.28361259e-01 -2.20082658e+01 -3.45350299e-02 9.57921102e-01 -2.84946476e-01 1.18916445e+01 -6.62864675e-01 1.91423061e-01 7.23856086e-01 -2.47500600e+01
8.27818060e-01 2.23905416e-01 5.14376928e-01 -1.78312318e+01 -3.28850378e-02 9.34689364e-01 -3.53941192e-01 1.43530635e+01 -5.60031994e-01 2.76083606e-01 7.81115874e-01 -2.66839834e+01
8.27911592e-01 2.20769159e-01 5.15580618e-01 -1.78779161e+01 -3.60218487e-02 9.38302833e-01 -3.43933452e-01 1.39894742e+01 -5.59700654e-01 2.66174325e-01 7.84784306e-01 -2.68060972e+01
8.32319065e-01 2.10860306e-01 5.12623551e-01 -1.77861656e+01 -3.66350086e-02 9.43722110e-01 -3.28704205e-01 1.34453439e+01 -5.53084849e-01 2.54806809e-01 7.93202774e-01 -2.71398405e+01
8.41156373e-01 2.39629570e-01 4.84802667e-01 -1.67260446e+01 -5.25119435e-02 9.28423815e-01 -3.67793033e-01 1.48296530e+01 -5.38236428e-01 2.83913523e-01 7.93533023e-01 -2.71176985e+01
8.28820418e-01 2.04430023e-01 5.20831144e-01 -1.80968937e+01 -4.91052825e-02 9.53847622e-01 -2.96248856e-01 1.22881462e+01 -5.57355709e-01 2.19961540e-01 8.00606979e-01 -2.75377207e+01
8.68948607e-01 2.96228769e-01 3.96455337e-01 -1.34012117e+01 -1.48698659e-01 9.20338458e-01 -3.61753827e-01 1.45476158e+01 -4.72034984e-01 2.55393107e-01 8.43775642e-01 -2.87033933e+01
9.31546133e-01 3.84413982e-02 3.61585481e-01 -1.42494544e+01 2.33906922e-01 6.98001532e-01 -6.76817119e-01 8.84251086e+00 -2.78405016e-01 7.15063717e-01 6.41228919e-01 -2.37001326e+01
8.27155171e-01 2.46375905e-01 5.05087355e-01 -1.74599561e+01 -3.66615097e-02 9.20516822e-01 -3.88979066e-01 1.55974685e+01 -5.60776477e-01 3.03228781e-01 7.70442762e-01 -2.64028047e+01
8.14294498e-01 2.27017928e-01 5.34216559e-01 -1.85518187e+01 -3.29203682e-02 9.36926817e-01 -3.47971823e-01 1.41394502e+01 -5.79517662e-01 2.65764935e-01 7.70407865e-01 -2.64648349e+01
8.19084180e-01 2.16978209e-01 5.31057024e-01 -1.84536740e+01 -1.77306439e-02 9.34846035e-01 -3.54610372e-01 1.43809548e+01 -5.73399276e-01 2.81039763e-01 7.69564761e-01 -2.63928654e+01
7.81384092e-01 2.19831766e-01 5.84048710e-01 -2.03775160e+01 -1.51924839e-02 9.42323596e-01 -3.34358233e-01 1.36645458e+01 -6.23865441e-01 2.52389054e-01 7.39656458e-01 -2.53843664e+01
7.78900353e-01 2.39049057e-01 5.79801507e-01 -2.01936418e+01 -3.30231637e-02 9.38856152e-01 -3.42722331e-01 1.39590140e+01 -6.26277662e-01 2.47799665e-01 7.39169545e-01 -2.54051737e+01
8.29288210e-01 2.06795416e-01 5.19149998e-01 -1.80343240e+01 -3.33247846e-02 9.45656598e-01 -3.23454877e-01 1.32728278e+01 -5.57826607e-01 2.50936754e-01 7.91113280e-01 -2.71978849e+01
8.04978591e-01 2.00981357e-01 5.58225727e-01 -1.94690130e+01 -2.07727575e-02 9.49847043e-01 -3.12024177e-01 1.28779474e+01 -5.92940098e-01 2.39576895e-01 7.68781472e-01 -2.64528861e+01
8.05686515e-01 2.01882376e-01 5.56877676e-01 -1.97564161e+01 -2.22613941e-02 9.49784025e-01 -3.12113339e-01 1.30511630e+01 -5.91923703e-01 2.39068635e-01 7.69722364e-01 -2.68604544e+01
8.04778726e-01 1.86040838e-01 5.63666575e-01 -1.96890350e+01 3.58825679e-03 9.48071005e-01 -3.18038509e-01 1.30960551e+01 -5.93564088e-01 2.57973207e-01 7.62319814e-01 -2.61761257e+01
8.39340221e-02 1.73294866e-01 9.81286894e-01 -3.44027799e+01 -3.47530241e-01 9.28021128e-01 -1.34162279e-01 5.65344635e+00 -9.33904605e-01 -3.29766092e-01 1.38117752e-01 2.29239122e+00
8.41930012e-02 1.70773821e-01 9.81706596e-01 -3.49216539e+01 -3.46354988e-01 9.28789519e-01 -1.31864520e-01 5.73889133e+00 -9.34317805e-01 -3.28916907e-01 1.37345942e-01 2.24564643e+00
-4.70511808e-01 8.80498093e-01 5.78078450e-02 -1.37202348e-01 8.33988490e-01 4.22345690e-01 3.55087759e-01 -1.22441453e+01 2.88239201e-01 2.15284061e-01 -9.33043909e-01 3.85589643e+01
8.06549129e-01 2.41079388e-01 5.39777020e-01 -1.87300838e+01 -4.29430590e-02 9.34550576e-01 -3.53229550e-01 1.43360511e+01 -5.89605288e-01 2.61717309e-01 7.64113639e-01 -2.63451062e+01
9.32712656e-02 1.29187677e-01 -9.87223893e-01 4.38739402e+01 8.12400255e-02 9.87252513e-01 1.36866844e-01 -8.20528179e+00 9.92320779e-01 -9.29678380e-02 8.15870813e-02 6.42165169e+01
6.92249465e-01 2.93274940e-01 6.59378865e-01 -2.27588419e+01 6.66470349e-02 -9.35775715e-01 3.46239779e-01 -1.44366043e+01 7.18574179e-01 -1.95738656e-01 -6.67336143e-01 2.67790883e+01
6.92610522e-01 2.95637564e-01 6.57943079e-01 -2.31469340e+01 6.81929191e-02 -9.34900019e-01 3.48298263e-01 -1.46433429e+01 7.18081047e-01 -1.96367983e-01 -6.67681979e-01 2.71534044e+01
6.93135675e-01 2.95957866e-01 6.57245675e-01 -2.42299877e+01 6.92142558e-02 -9.34933459e-01 3.48006917e-01 -1.52600852e+01 7.17476357e-01 -1.95725239e-01 -6.68520238e-01 2.82686485e+01
7.71407195e-01 2.50604472e-01 5.84917378e-01 -2.03589815e+01 -2.53847357e-02 9.30574624e-01 -3.65221145e-01 1.47736475e+01 -6.35835321e-01 2.66886246e-01 7.24213488e-01 -2.50174675e+01
7.71174501e-01 2.48629676e-01 5.86065844e-01 -2.10897093e+01 -2.38449101e-02 9.31218939e-01 -3.63679404e-01 1.52268619e+01 -6.36177106e-01 2.66485595e-01 7.24060852e-01 -2.59055299e+01
7.70371188e-01 2.49174562e-01 5.86890339e-01 -2.17797165e+01 -2.47366562e-02 9.31461463e-01 -3.62998128e-01 1.56444825e+01 -6.37115633e-01 2.65125595e-01 7.23734819e-01 -2.67007684e+01
7.69856689e-01 2.49545532e-01 5.87407614e-01 -2.24295990e+01 -2.54025017e-02 9.31640681e-01 -3.62491869e-01 1.60704534e+01 -6.37711056e-01 2.64145167e-01 7.23568891e-01 -2.74880005e+01
7.69291906e-01 2.49340326e-01 5.88234107e-01 -2.31014903e+01 -2.51554363e-02 9.31808942e-01 -3.62076373e-01 1.64872653e+01 -6.38402042e-01 2.63745138e-01 7.23105342e-01 -2.83035065e+01
8.21074364e-01 2.26900456e-01 5.23787238e-01 -1.81624326e+01 -2.13245054e-02 9.29155008e-01 -3.69074839e-01 1.49122278e+01 -5.70422785e-01 2.91868385e-01 7.67743897e-01 -2.65764941e+01
6.90632600e-01 5.20903715e-01 5.01683099e-01 -1.68275572e+01 -2.44389478e-01 8.20983765e-01 -5.16003335e-01 1.99274847e+01 -6.80661733e-01 2.33762654e-01 6.94301539e-01 -2.36498257e+01
6.90608889e-01 5.20156795e-01 5.02490071e-01 -1.75555444e+01 -2.43515590e-01 8.21459452e-01 -5.15659312e-01 2.07152276e+01 -6.80998914e-01 2.33754739e-01 6.93973488e-01 -2.46948339e+01
6.91244453e-01 5.19638439e-01 5.02152367e-01 -1.81817805e+01 -2.43191144e-01 8.21655743e-01 -5.15499668e-01 2.14060158e+01 -6.80469819e-01 2.34217277e-01 6.94336441e-01 -2.56854773e+01
6.91278557e-01 5.19518785e-01 5.02229219e-01 -1.87616556e+01 -2.43434551e-01 8.21850195e-01 -5.15074631e-01 2.20832638e+01 -6.80348128e-01 2.33800103e-01 6.94596240e-01 -2.65838676e+01
-1.87294370e-01 4.86108000e-01 -8.53592310e-01 1.97199152e+02 -3.88122339e-02 8.64629046e-01 5.00909397e-01 -1.28950173e+02 9.81536769e-01 1.26947334e-01 -1.43073215e-01 1.04532983e+03
-1.90661433e-01 4.84599169e-01 -8.53704787e-01 1.99852306e+02 -3.92093341e-02 8.65204548e-01 4.99883705e-01 -1.30479346e+02 9.80872492e-01 1.28781740e-01 -1.45960328e-01 1.04596010e+03
-1.89876489e-01 4.85278388e-01 -8.53493881e-01 2.04497449e+02 -3.79904770e-02 8.65025838e-01 5.00286941e-01 -1.33059283e+02 9.81072700e-01 1.27417368e-01 -1.45812112e-01 1.04661530e+03
-1.87295802e-01 4.86532558e-01 -8.53350076e-01 2.07768984e+02 -3.55569772e-02 8.64796131e-01 5.00862610e-01 -1.34927314e+02 9.81659811e-01 1.24152014e-01 -1.44673058e-01 1.04705620e+03
-1.86821153e-01 4.89293055e-01 -8.51874500e-01 2.10248460e+02 -3.53272874e-02 8.63234526e-01 5.03565423e-01 -1.36313071e+02 9.81758545e-01 1.24171088e-01 -1.43985073e-01 1.04745930e+03
-1.86147842e-01 4.89088116e-01 -8.52139540e-01 2.12222726e+02 -3.89536186e-02 8.62942761e-01 5.03797982e-01 -1.37448614e+02 9.81749253e-01 1.26974826e-01 -1.41583181e-01 1.04777037e+03
-1.85740081e-01 4.88911362e-01 -8.52329926e-01 2.13872596e+02 -4.31318471e-02 8.62531177e-01 5.04162287e-01 -1.38383500e+02 9.81651805e-01 1.30405708e-01 -1.39118961e-01 1.04801959e+03
6.01838754e-01 2.05120808e-01 7.71826125e-01 -2.70689815e+01 3.80560513e-02 9.57988674e-01 -2.84270007e-01 1.17996178e+01 -7.97710380e-01 2.00457361e-01 5.68748622e-01 -1.88425565e+01
6.01662326e-01 2.02618303e-01 7.72624274e-01 -2.83306028e+01 3.69341232e-02 9.59199145e-01 -2.80308529e-01 1.22679222e+01 -7.97896181e-01 1.97187281e-01 5.69630459e-01 -1.97535545e+01
6.01788462e-01 2.01273626e-01 7.72877464e-01 -2.94433137e+01 3.56658135e-02 9.59985014e-01 -2.77770991e-01 1.26597242e+01 -7.97858757e-01 1.94724681e-01 5.70529318e-01 -2.05364988e+01
6.03277988e-01 2.01841965e-01 7.71566906e-01 -3.03274910e+01 3.56281703e-02 9.59657914e-01 -2.78903784e-01 1.30346317e+01 -7.96734776e-01 1.95746031e-01 5.71749236e-01 -2.12878502e+01
6.04148102e-01 1.99833567e-01 7.71408852e-01 -3.18348015e+01 3.66950281e-02 9.60042577e-01 -2.77437786e-01 1.35282329e+01 -7.96026724e-01 1.95920381e-01 5.72675002e-01 -2.23070685e+01
1.75921397e-01 9.76032612e-01 1.28109337e-01 -1.19551315e+13 8.03979667e-01 -2.17551302e-01 5.53433036e-01 -2.79064664e+13 5.68039045e-01 5.63658946e-03 -8.22982304e-01 1.97106563e+14
1.76986119e-01 9.75698173e-01 1.29185873e-01 -1.19551315e+13 8.03215852e-01 -2.19044135e-01 5.53953032e-01 -2.79064664e+13 5.68788369e-01 5.72214403e-03 -8.22464010e-01 1.97106563e+14
1.79054971e-01 9.75462829e-01 1.28107712e-01 -1.19551315e+13 8.02620507e-01 -2.20135453e-01 5.54383174e-01 -2.79064664e+13 5.68981229e-01 3.55681387e-03 -8.22342818e-01 1.97106563e+14
1.79233547e-01 9.75334878e-01 1.28830166e-01 -1.19551315e+13 8.03331594e-01 -2.20687388e-01 5.53132378e-01 -2.79064664e+13 5.67920493e-01 4.35346454e-03 -8.23071905e-01 1.97106563e+14
1.78409838e-01 9.75340683e-01 1.29924905e-01 -1.19551315e+13 8.04659346e-01 -2.20617541e-01 5.51227030e-01 -2.79064664e+13 5.66297861e-01 6.20096336e-03 -8.24177336e-01 1.97106563e+14
1.78544059e-01 9.75344905e-01 1.29708657e-01 -1.19551315e+13 8.04415035e-01 -2.20608278e-01 5.51587199e-01 -2.79064664e+13 5.66602568e-01 5.85697608e-03 -8.23970404e-01 1.97106563e+14
1.77035270e-01 9.75708424e-01 1.29041021e-01 -1.19551315e+13 8.04361594e-01 -2.18990554e-01 5.52309300e-01 -2.79064664e+13 5.67151601e-01 6.01741487e-03 -8.23591435e-01 1.97106563e+14
9.06627509e-01 2.93020840e-01 3.03587462e-01 -1.01085136e+01 1.30426216e-01 -8.78907575e-01 4.58814206e-01 -1.89879980e+01 4.01267444e-01 -3.76377817e-01 -8.35059385e-01 3.36086718e+01
9.06590989e-01 2.94699387e-01 3.02067956e-01 -1.07413135e+01 1.32203740e-01 -8.78083148e-01 4.59882763e-01 -1.98677109e+01 4.00767950e-01 -3.76991056e-01 -8.35022631e-01 3.51029524e+01
8.39907873e-01 1.18746392e-01 5.29579134e-01 -1.39866871e+01 -8.78451879e-02 9.92648662e-01 -8.32577788e-02 3.73865149e+00 -5.35572580e-01 2.34078853e-02 8.44164725e-01 -3.27030219e+00
9.19260191e-01 -1.84490505e-01 3.47741218e-01 -1.09039162e+01 -1.84956513e-01 -9.82220001e-01 -3.21707744e-02 -1.04308510e+00 3.47493581e-01 -3.47436909e-02 -9.37038466e-01 4.34442860e+01
9.18632625e-01 -1.84617403e-01 3.49328663e-01 -1.13995679e+01 -1.85219970e-01 -9.82176011e-01 -3.19975952e-02 -1.03306676e+00 3.49009546e-01 -3.53086098e-02 -9.36453757e-01 4.48902930e+01
6.42031065e-01 1.50198647e-01 7.51822105e-01 -2.60559857e+01 5.08227303e-02 9.70127455e-01 -2.37212502e-01 1.01959896e+01 -7.64992263e-01 1.90507447e-01 6.15218458e-01 -1.84582986e+01
6.40960974e-01 1.50778523e-01 7.52618673e-01 -2.72463441e+01 5.01633090e-02 9.70192204e-01 -2.37088020e-01 1.05259683e+01 -7.65932551e-01 1.89718012e-01 6.14291790e-01 -1.92759488e+01
5.11936335e-01 -2.28905707e-01 8.27963384e-01 -2.99735153e+01 -1.57784273e-01 -9.72501002e-01 -1.71306522e-01 4.33568649e+00 8.44408261e-01 -4.29415674e-02 -5.33976320e-01 2.04553451e+01
5.11760055e-01 -2.28423491e-01 8.28205503e-01 -3.09781016e+01 -1.58192487e-01 -9.72577696e-01 -1.70492705e-01 4.51247469e+00 8.44438739e-01 -4.37645325e-02 -5.33861295e-01 2.11205187e+01
5.12447753e-01 -2.28488713e-01 8.27762169e-01 -3.19175254e+01 -1.59288972e-01 -9.72514172e-01 -1.69832884e-01 4.67386214e+00 8.43815338e-01 -4.48229052e-02 -5.34758434e-01 2.17112370e+01
-3.79690292e-01 9.25064356e-01 9.55084994e-03 1.35194231e+00 9.20189710e-01 3.76585493e-01 1.06931119e-01 -3.43978644e+00 9.53214553e-02 4.93893017e-02 -9.94220558e-01 5.19439388e+01
7.86758410e-01 -5.95402093e-01 1.62811399e-01 -6.30450793e+00 -6.03230973e-01 -6.85730578e-01 4.07291012e-01 -1.68772456e+01 -1.30857167e-01 -4.18652507e-01 -8.98669283e-01 4.49605502e+01
-5.15511798e-01 3.77351636e-01 7.69320044e-01 1.17325133e+10 -7.76835130e-01 1.73089424e-01 -6.05447960e-01 -2.15528541e+10 -3.61627942e-01 -9.09750402e-01 2.03910366e-01 4.34054681e+11
-5.17162479e-01 3.75298967e-01 7.69216260e-01 1.17325133e+10 -7.76218084e-01 1.72984568e-01 -6.06268773e-01 -2.15528541e+10 -3.60594587e-01 -9.10619034e-01 2.01852717e-01 4.34054681e+11
-5.17616437e-01 3.75574807e-01 7.68776163e-01 1.17325133e+10 -7.75684805e-01 1.73209085e-01 -6.06886889e-01 -2.15528541e+10 -3.61090442e-01 -9.10462617e-01 2.01671801e-01 4.34054681e+11
-5.17961373e-01 3.72624020e-01 7.69978802e-01 1.17325133e+10 -7.75755596e-01 1.74670225e-01 -6.06377414e-01 -2.15528541e+10 -3.60443160e-01 -9.11395442e-01 1.98592739e-01 4.34054681e+11
-7.83704026e-02 -3.53510945e-01 9.32141669e-01 7.79975564e+11 9.50823859e-01 2.54540264e-01 1.76474482e-01 -3.16526530e+11 -2.99653247e-01 9.00132916e-01 3.16178218e-01 1.55306712e+12
-7.96623952e-02 -3.50831146e-01 9.33044163e-01 7.79975564e+11 9.51201218e-01 2.53173137e-01 1.76407501e-01 -3.16526530e+11 -2.98110963e-01 9.01565788e-01 3.13542635e-01 1.55306712e+12
-7.64764854e-02 -3.59588739e-01 9.29971659e-01 7.79975564e+11 9.51013563e-01 2.53896234e-01 1.76380000e-01 -3.16526530e+11 -2.99540564e-01 8.97904583e-01 3.22556677e-01 1.55306712e+12
-7.74097586e-02 -3.58487528e-01 9.30319527e-01 7.79975564e+11 9.50680535e-01 2.54571527e-01 1.77200052e-01 -3.16526530e+11 -3.00356871e-01 8.98153678e-01 3.21100794e-01 1.55306712e+12
-7.72120662e-02 -3.56892455e-01 9.30949017e-01 7.79975564e+11 9.50778956e-01 2.54692528e-01 1.76496721e-01 -3.16526530e+11 -3.00096107e-01 8.98754411e-01 3.19660500e-01 1.55306712e+12
-7.74841314e-02 -3.55329465e-01 9.31524117e-01 7.79975564e+11 9.50770328e-01 2.54860043e-01 1.76301282e-01 -3.16526530e+11 -3.00053316e-01 8.99326042e-01 3.18089103e-01 1.55306712e+12
-7.66537800e-02 -3.51095970e-01 9.33196559e-01 7.79975564e+11 9.50278388e-01 2.57596085e-01 1.74972117e-01 -3.16526530e+11 -3.01819785e-01 9.00208796e-01 3.13893199e-01 1.55306712e+12
-7.81944141e-02 -3.48484156e-01 9.34047336e-01 7.79975564e+11 9.50240699e-01 2.57335385e-01 1.75559431e-01 -3.16526530e+11 -3.01543111e-01 9.01297561e-01 3.11021638e-01 1.55306712e+12
-7.96202965e-02 -3.43173289e-01 9.35891394e-01 7.79975564e+11 9.50199318e-01 2.57654898e-01 1.75314605e-01 -3.16526530e+11 -3.01300291e-01 9.03241965e-01 3.05568466e-01 1.55306712e+12
-8.17879547e-02 -3.40408374e-01 9.36713867e-01 7.79975564e+11 9.50167985e-01 2.57046022e-01 1.76375007e-01 -3.16526530e+11 -3.00818103e-01 9.04460879e-01 3.02421870e-01 1.55306712e+12
-8.43724046e-02 -3.31884637e-01 9.39539188e-01 7.79975564e+11 9.50126115e-01 2.57309872e-01 1.76215767e-01 -3.16526530e+11 -3.00236014e-01 9.07548466e-01 2.93622408e-01 1.55306712e+12
-8.51400857e-02 -3.31325010e-01 9.39667443e-01 7.79975564e+11 9.50160907e-01 2.56873645e-01 1.76664037e-01 -3.16526530e+11 -2.99909015e-01 9.07876461e-01 2.92941828e-01 1.55306712e+12
-8.45825716e-02 -3.28310847e-01 9.40775093e-01 7.79975564e+11 9.50072464e-01 2.58021656e-01 1.75462639e-01 -3.16526530e+11 -3.00346635e-01 9.08645592e-01 2.90094960e-01 1.55306712e+12
-8.55700212e-02 -3.26643079e-01 9.41266206e-01 7.79975564e+11 9.50434394e-01 2.56675813e-01 1.75476468e-01 -3.16526530e+11 -2.98918442e-01 9.09627300e-01 2.88489062e-01 1.55306712e+12
-8.58334882e-02 -3.26790756e-01 9.41190955e-01 7.79975564e+11 9.50732606e-01 2.55589380e-01 1.75446801e-01 -3.16526530e+11 -2.97892805e-01 9.09880141e-01 2.88752499e-01 1.55306712e+12
-8.51939786e-02 -3.28310116e-01 9.40720178e-01 7.79975564e+11 9.50582387e-01 2.56127897e-01 1.75475427e-01 -3.16526530e+11 -2.98555039e-01 9.09181482e-01 2.90265259e-01 1.55306712e+12
-8.59311917e-02 -3.26859818e-01 9.41158058e-01 7.79975564e+11 9.50012868e-01 2.57710254e-01 1.76241242e-01 -3.16526530e+11 -3.00152262e-01 9.09256886e-01 2.88375684e-01 1.55306712e+12
-8.70127366e-02 -3.28971602e-01 9.40322534e-01 7.79975564e+11 9.49320272e-01 2.58787319e-01 1.78382021e-01 -3.16526530e+11 -3.02026166e-01 9.08188752e-01 2.89781618e-01 1.55306712e+12
-8.73344620e-02 -3.28867541e-01 9.40329108e-01 7.79975564e+11 9.48851328e-01 2.60030326e-01 1.79068108e-01 -3.16526530e+11 -3.03403773e-01 9.07871340e-01 2.89336795e-01 1.55306712e+12
-8.72513022e-02 -3.28058007e-01 9.40619559e-01 7.79975564e+11 9.48382171e-01 2.61632100e-01 1.79220263e-01 -3.16526530e+11 -3.04890912e-01 9.07704020e-01 2.88296623e-01 1.55306712e+12
