1.00000000e+00 0.00000000e+00 0.00000000e+00 0.00000000e+00 0.00000000e+00 1.00000000e+00 0.00000000e+00 0.00000000e+00 0.00000000e+00 0.00000000e+00 1.00000000e+00 0.00000000e+00
9.99989056e-01 -1.46409301e-03 -4.44355582e-03 9.92774159e-02 1.47182975e-03 9.99997406e-01 1.73834424e-03 -9.34688692e-03 4.44099920e-03 -1.74486537e-03 9.99988616e-01 -9.95015895e-01
9.34003680e-01 3.56852603e-01 1.71273427e-02 -1.51798140e-01 -3.57085605e-01 9.33977722e-01 1.32471283e-02 -1.00389059e-01 -1.12692843e-02 -1.84887941e-02 9.99765556e-01 -2.81940939e+00
9.99969658e-01 -3.89456577e-03 -6.74650750e-03 7.36218486e-02 3.90217164e-03 9.99991765e-01 1.11458343e-03 1.37001150e-02 6.74211113e-03 -1.14087564e-03 9.99976621e-01 -3.13071158e+00
9.99971594e-01 -3.81509798e-03 -6.50044979e-03 8.27796688e-02 3.82200678e-03 9.99992144e-01 1.05072812e-03 2.54054576e-02 6.49639010e-03 -1.07554304e-03 9.99978320e-01 -4.24201572e+00
9.99969384e-01 -4.17401522e-03 -6.61878661e-03 8.19386972e-02 4.17804882e-03 9.99991094e-01 5.95707093e-04 4.68502659e-02 6.61624118e-03 -6.23342469e-04 9.99977918e-01 -5.36953834e+00
9.99947556e-01 -8.43543160e-03 -5.80765854e-03 6.01977239e-03 8.45494869e-03 9.99958664e-01 3.34426785e-03 3.18920740e-02 5.77920813e-03 -3.39319592e-03 9.99977543e-01 -6.50798086e+00
9.99957534e-01 -6.40870188e-03 -6.62263067e-03 4.45108310e-02 6.43013723e-03 9.99974141e-01 3.22047302e-03 6.89006821e-02 6.60182036e-03 -3.26292068e-03 9.99972884e-01 -7.66155682e+00
9.99973760e-01 -5.00268985e-03 -5.23947295e-03 4.60096661e-02 5.01374024e-03 9.99985230e-01 2.09805901e-03 8.66216267e-02 5.22889963e-03 -2.12427331e-03 9.99984073e-01 -8.82730213e+00
9.99976295e-01 -6.03664361e-03 -3.31198354e-03 -2.42523147e-02 6.04493732e-03 9.99978604e-01 2.49988307e-03 8.98162411e-02 3.29682178e-03 -2.51984454e-03 9.99991391e-01 -9.99354719e+00
9.99981037e-01 -6.07910567e-03 -9.84606246e-04 -2.32538676e-02 6.08202956e-03 9.99977021e-01 2.99433981e-03 1.05755346e-01 9.66380713e-04 -3.00027143e-03 9.99995032e-01 -1.11650760e+01
9.99980667e-01 -6.21220492e-03 2.71108878e-04 2.50337971e-03 6.21137610e-03 9.99976335e-01 2.95779742e-03 1.37694926e-01 -2.89476906e-04 -2.95605628e-03 9.99995589e-01 -1.23361144e+01
9.99962472e-01 -8.46770027e-03 1.83096671e-03 -2.56701369e-02 8.46081246e-03 9.99957222e-01 3.73741886e-03 1.22607803e-01 -1.86253573e-03 -3.72178714e-03 9.99991340e-01 -1.35103667e+01
7.60458313e-01 6.49380380e-01 -2.87663546e-03 -1.08778816e-01 -6.48494635e-01 7.59638274e-01 4.90346912e-02 -2.51644013e-01 3.40273688e-02 -3.54233559e-02 9.98792934e-01 -5.97852907e+00
9.99795515e-01 1.36315984e-02 1.49368163e-02 -7.00721254e-01 -1.41912442e-02 9.99176005e-01 3.80252524e-02 -3.65620653e+00 -1.44061635e-02 -3.82294488e-02 9.99165137e-01 -2.67586448e+01
9.98501264e-01 5.36960745e-02 -1.05809836e-02 1.67869868e+00 -5.42286766e-02 9.96786042e-01 -5.89647045e-02 5.77882204e+00 7.38080363e-03 5.94501247e-02 9.98203990e-01 -3.10148148e+01
9.98502577e-01 5.41670004e-02 -7.65116935e-03 1.64520893e+00 -5.45209233e-02 9.96821491e-01 -5.80894533e-02 5.85042412e+00 4.48031859e-03 5.84196176e-02 9.98282062e-01 -3.21905278e+01
9.98546570e-01 5.35586352e-02 -6.01834186e-03 1.64695817e+00 -5.38159572e-02 9.96905661e-01 -5.72969909e-02 5.94211869e+00 2.93097044e-03 5.75375965e-02 9.98339038e-01 -3.33642463e+01
9.98554736e-01 5.34050430e-02 -6.02835601e-03 1.67414745e+00 -5.36601689e-02 9.96971841e-01 -5.62826319e-02 6.01529349e+00 3.00432482e-03 5.65247712e-02 9.98396677e-01 -3.45362690e+01
9.98607673e-01 5.25215431e-02 -4.91974109e-03 1.67196583e+00 -5.27164382e-02 9.96992980e-01 -5.67976736e-02 6.10123592e+00 1.92184586e-03 5.69779439e-02 9.98373588e-01 -3.57122474e+01
5.13626230e-01 8.57924472e-01 1.23974306e-02 -1.58869719e-01 -8.56850443e-01 5.12123882e-01 5.94680381e-02 -3.65148254e-01 4.46700649e-02 -4.11670881e-02 9.98153223e-01 -9.76319332e+00
2.54883950e-01 9.65203279e-01 5.84534168e-02 -7.08120855e-01 -9.66695979e-01 2.52901953e-01 3.92362817e-02 -2.31394867e-01 2.30880045e-02 -6.65073814e-02 9.97518778e-01 -1.46754429e+01
8.74332921e-02 9.93027661e-01 7.90663231e-02 -9.13721903e-01 -9.95911775e-01 8.89432289e-02 -1.57746232e-02 7.69550060e-01 -2.26970512e-02 -7.73638549e-02 9.96744540e-01 -2.07394259e+01
9.97556817e-01 6.94073537e-02 -7.93831020e-03 2.51933599e+00 -6.97632102e-02 9.95699283e-01 -6.09592651e-02 6.68697191e+00 3.67314850e-03 6.13641325e-02 9.98108687e-01 -4.07425258e+01
9.96036661e-01 5.75315975e-02 6.78312961e-02 -2.11720858e+00 -5.27176082e-02 9.96100543e-01 -7.07429360e-02 7.07345140e+00 -7.16367450e-02 6.68866541e-02 9.95185587e-01 -4.36241964e+01
9.95897609e-01 5.88724141e-02 6.87167453e-02 -2.19454645e+00 -5.40519478e-02 9.96080218e-01 -7.00184712e-02 7.18295054e+00 -7.25695471e-02 6.60169541e-02 9.95176076e-01 -4.48023855e+01
9.95634766e-01 6.15165568e-02 7.01934942e-02 -2.28245626e+00 -5.66721303e-02 9.96003103e-01 -6.90368577e-02 7.29786107e+00 -7.41598478e-02 6.47574808e-02 9.95141591e-01 -4.59837167e+01
9.95591080e-01 6.10199082e-02 7.12388452e-02 -2.36721470e+00 -5.61017724e-02 9.96030377e-01 -6.91091782e-02 7.40259035e+00 -7.51730896e-02 6.48078559e-02 9.95062284e-01 -4.71628490e+01
9.95430978e-01 6.16628589e-02 7.29030787e-02 -2.48522869e+00 -5.66006468e-02 9.95969657e-01 -6.95759263e-02 7.49718122e+00 -7.68995048e-02 6.51316710e-02 9.94909208e-01 -4.83355419e+01
9.95129012e-01 6.06979546e-02 7.76788782e-02 -2.70397800e+00 -5.53553769e-02 9.96067496e-01 -6.91760508e-02 7.58255939e+00 -8.15722505e-02 6.45391515e-02 9.94575621e-01 -4.94833941e+01
9.95020054e-01 5.95682219e-02 7.99169510e-02 -2.88244734e+00 -5.41523549e-02 9.96193663e-01 -6.83059862e-02 7.65950712e+00 -8.36816264e-02 6.36381350e-02 9.94458432e-01 -5.06402188e+01
9.94883538e-01 5.91643049e-02 8.18921924e-02 -3.01441956e+00 -5.35864934e-02 9.96196367e-01 -6.87116225e-02 7.76994160e+00 -8.56459799e-02 6.39717467e-02 9.94269773e-01 -5.18022215e+01
9.94812698e-01 6.08456974e-02 8.15199223e-02 -3.11121707e+00 -5.51271745e-02 9.95976444e-01 -7.06535045e-02 7.91307051e+00 -8.54908840e-02 6.57930404e-02 9.94164264e-01 -5.29616176e+01
1.57169002e-01 9.31612642e-01 3.27712969e-01 -8.09177876e+00 -9.83990348e-01 1.75960527e-01 -2.82999799e-02 1.25020640e+00 -8.40291658e-02 -3.18018519e-01 9.44353388e-01 -2.72239442e+01
9.97586256e-01 7.95460992e-03 -6.89810500e-02 6.77651353e+00 -8.09517116e-03 9.99965688e-01 -1.75837441e-03 1.90959613e+00 6.89646959e-02 2.31254355e-03 9.97616421e-01 -3.51428478e+01
9.99143708e-01 2.97530653e-03 -4.12673975e-02 5.31321733e+00 -3.02498484e-03 9.99994773e-01 -1.14142389e-03 2.08480190e+00 4.12637857e-02 1.26527975e-03 9.99147486e-01 -4.18224908e+01
9.99091232e-01 3.68796794e-03 -4.24630204e-02 5.43349417e+00 -3.78358517e-03 9.99990484e-01 -2.17162886e-03 2.15038721e+00 4.24546074e-02 2.33031781e-03 9.99095679e-01 -4.29738265e+01
9.99000862e-01 2.13741878e-03 -4.46397599e-02 5.56215598e+00 -2.33400282e-03 9.99987806e-01 -4.35213158e-03 2.19619285e+00 4.46299133e-02 4.45197252e-03 9.98993669e-01 -4.41199900e+01
9.98959768e-01 2.09617455e-03 -4.55520350e-02 5.60251360e+00 -2.44044072e-03 9.99968872e-01 -7.50334847e-03 2.22958924e+00 4.55348888e-02 7.60671029e-03 9.98933788e-01 -4.52722579e+01
9.98777670e-01 2.63516199e-03 -4.93581023e-02 5.70762702e+00 -3.17374443e-03 9.99936246e-01 -1.08365405e-02 2.27786001e+00 4.93263995e-02 1.09799447e-02 9.98722357e-01 -4.64134418e+01
9.98725028e-01 1.62773557e-03 -5.04546283e-02 5.73762728e+00 -2.32585734e-03 9.99902332e-01 -1.37810023e-02 2.30346501e+00 5.04272687e-02 1.38807821e-02 9.98631271e-01 -4.75518665e+01
9.98656199e-01 3.48347716e-03 -5.17074659e-02 5.78222374e+00 -4.31163020e-03 9.99864080e-01 -1.59132250e-02 2.36517235e+00 5.16450044e-02 1.61147843e-02 9.98535481e-01 -4.86842084e+01
9.98598565e-01 5.26981924e-03 -5.26605699e-02 5.80045099e+00 -6.02391681e-03 9.99881433e-01 -1.41715190e-02 2.40516428e+00 5.25796448e-02 1.44688814e-02 9.98511909e-01 -4.98274646e+01
9.98392801e-01 1.33810697e-03 -5.66570719e-02 5.89095662e+00 -2.01966411e-03 9.99926270e-01 -1.19739651e-02 2.40618013e+00 5.66368721e-02 1.20691488e-02 9.98321892e-01 -5.09692717e+01
8.89630193e-01 4.35562414e-01 1.37271644e-01 -5.72424266e+00 -3.86997533e-01 8.78611370e-01 -2.79776643e-01 2.56732009e+00 -2.42468617e-01 1.95773961e-01 9.50200782e-01 -3.06959595e+01
8.41503447e-01 -7.82387117e-02 -5.34556500e-01 1.86070949e+01 -3.18543740e-01 7.27311118e-01 -6.07904946e-01 1.17854671e+01 4.36350586e-01 6.81833735e-01 5.87112361e-01 -2.24778431e+01
5.25781193e-01 -6.52954266e-01 -5.45164988e-01 2.21513692e+01 5.63342369e-01 7.47498932e-01 -3.51981140e-01 6.46037125e+00 6.37337833e-01 -1.22049472e-01 7.60857683e-01 -2.12659787e+01
4.72382043e-01 -6.98397560e-01 -5.37676531e-01 2.09611113e+01 8.60552516e-01 4.97329320e-01 1.10058685e-01 -4.27513339e+00 1.90537586e-01 -5.14688639e-01 8.35937219e-01 -2.23612276e+01
5.78238702e-01 -5.69390537e-01 -5.84323900e-01 2.02582669e+01 8.10206313e-01 4.84975543e-01 3.29187565e-01 -1.00469852e+01 9.59465167e-02 -6.63771903e-01 7.41755436e-01 -1.87030882e+01
7.97938929e-01 -4.76871817e-01 -3.68628182e-01 1.29065422e+01 5.88389627e-01 4.83628227e-01 6.47997982e-01 -1.79434395e+01 -1.30732981e-01 -7.33959814e-01 6.66492220e-01 -1.64153130e+01
9.08195311e-01 -4.10024798e-01 -8.40294063e-02 4.68889509e+00 2.70056971e-01 4.20677045e-01 8.66083169e-01 -2.23982889e+01 -3.19766334e-01 -8.09265400e-01 4.92786975e-01 -1.22135358e+01
8.69111594e-01 -4.47223942e-01 2.11271821e-01 -2.85413228e+00 -9.81233396e-02 2.62756891e-01 9.59859691e-01 -2.39935740e+01 -4.84785361e-01 -8.54955883e-01 1.84481954e-01 -5.61293042e+00
6.61177238e-01 -6.58717315e-01 3.59076816e-01 -7.17655208e+00 -4.28827256e-01 6.09007617e-02 9.01331394e-01 -2.33612774e+01 -6.15590647e-01 -7.49921727e-01 -2.42209741e-01 3.21430670e+00
3.45521404e-01 -9.00083223e-01 2.65452730e-01 -6.93490389e+00 -6.95489813e-01 -5.57097774e-02 7.16373045e-01 -2.21556757e+01 -6.30007047e-01 -4.32141890e-01 -6.45247633e-01 1.36184867e+01
2.98398007e-01 -8.99789294e-01 3.18336074e-01 -1.14231021e+01 -5.75606763e-01 9.63969215e-02 8.12024931e-01 -3.17055569e+01 -7.61337957e-01 -4.25543018e-01 -4.89160153e-01 1.01952020e+01
-5.14907584e-01 -7.53725412e-01 -4.08372603e-01 5.88947672e+00 -8.43033096e-01 3.58835944e-01 4.00664403e-01 -1.20189842e+01 -1.55452174e-01 5.50576760e-01 -8.20182817e-01 1.86990128e+01
-7.73814614e-01 -1.54405191e-01 -6.14304468e-01 7.99065646e+00 -4.74066155e-01 7.84381857e-01 4.00007979e-01 -7.12659623e+00 4.20085971e-01 6.00752977e-01 -6.80164420e-01 1.23232144e+01
-6.52701805e-01 2.79077444e-01 -7.04340922e-01 8.52447179e+00 1.31547031e-02 9.33716499e-01 3.57771510e-01 -4.10135439e+00 7.57500698e-01 2.24252715e-01 -6.13109625e-01 8.55191800e+00
-4.36262482e-01 4.07068427e-01 -8.02477627e-01 9.10372811e+00 4.66306524e-01 8.65002589e-01 1.85280184e-01 -1.14075460e+00 7.69566938e-01 -2.93369760e-01 -5.67186840e-01 5.52312835e+00
-3.73242826e-01 2.42779651e-01 -8.95403727e-01 9.38223986e+00 7.42578377e-01 6.56728329e-01 -1.31473405e-01 1.89215039e+00 5.56117926e-01 -7.13978951e-01 -4.25402056e-01 1.85036176e+00
-4.58153939e-01 -6.69702078e-02 -8.86346411e-01 8.47208980e+00 7.94167316e-01 4.17036588e-01 -4.42016695e-01 4.09937028e+00 3.99240833e-01 -9.06419039e-01 -1.37881405e-01 -2.49358040e+00
-5.22235798e-01 -3.35677158e-01 -7.83958301e-01 6.69916872e+00 7.65281887e-01 2.21183103e-01 -6.04501173e-01 4.78919337e+00 3.76315566e-01 -9.15641240e-01 1.41377915e-01 -6.28774183e+00
-5.24100392e-01 -4.70520498e-01 -7.09879737e-01 5.55723479e+00 7.63475409e-01 1.09785261e-01 -6.36437347e-01 4.54412016e+00 3.77391149e-01 -8.75532785e-01 3.01692331e-01 -8.92103356e+00
-5.07641490e-01 -4.94772508e-01 -7.05336999e-01 5.53986586e+00 7.93160705e-01 5.13165648e-02 -6.06846526e-01 3.78797770e+00 3.36446449e-01 -8.67506067e-01 3.66383694e-01 -1.08336891e+01
-5.14098856e-01 -4.28837551e-01 -7.42832902e-01 6.66875915e+00 8.15224598e-01 2.49564533e-02 -5.78606974e-01 3.17432950e+00 2.66666872e-01 -9.03036838e-01 3.36768836e-01 -1.20279625e+01
-5.45523250e-01 -2.75812340e-01 -7.91411357e-01 8.89913204e+00 8.18989040e-01 2.50483424e-02 -5.73262186e-01 3.06646834e+00 1.77936328e-01 -9.60885078e-01 2.12222830e-01 -1.22933443e+01
-5.79595986e-01 -1.78506193e-02 -8.14708444e-01 1.23533970e+01 8.14253532e-01 2.72510491e-02 -5.79869438e-01 3.04196108e+00 3.25526884e-02 -9.99469227e-01 -1.25966887e-03 -1.07640576e+01
-5.64742201e-01 2.67677596e-01 -7.80650339e-01 1.52500431e+01 8.09447684e-01 -4.66202889e-03 -5.87173494e-01 2.47656763e+00 -1.60812604e-01 -9.63497260e-01 -2.14038165e-01 -7.26153765e+00
-5.12202194e-01 5.21915150e-01 -6.82094927e-01 1.70841179e+01 7.67280881e-01 -7.87843776e-02 -6.36453510e-01 2.09534306e+00 -3.85913153e-01 -8.49351281e-01 -3.60101985e-01 -3.21546772e+00
-4.18201276e-01 7.30913525e-01 -5.39326535e-01 1.80132719e+01 6.62645437e-01 -1.60622998e-01 -7.31506171e-01 3.00627692e+00 -6.21295999e-01 -6.63299082e-01 -4.17163769e-01 1.08714963e+00
-1.93720105e-01 8.31091981e-01 -5.21304747e-01 1.81304442e+01 4.74983472e-01 -3.85486194e-01 -7.91069590e-01 1.94178214e+00 -8.58407376e-01 -4.00857223e-01 -3.20078529e-01 5.04211892e+00
2.71516662e-02 7.86360880e-01 -6.17170441e-01 1.78308660e+01 1.36374271e-01 -6.14539550e-01 -7.77009138e-01 1.20520457e+00 -9.90285234e-01 -6.30690764e-02 -1.23925165e-01 8.61400709e+00
2.06196508e-01 5.99616897e-01 -7.73267468e-01 1.74530985e+01 -3.10761866e-01 -7.09209262e-01 -6.32810623e-01 2.31527363e+00 -9.27852393e-01 3.70785382e-01 4.01015925e-02 1.26506572e+01
4.36113571e-01 5.51046462e-01 -7.11444130e-01 1.47350752e+01 -5.85186207e-01 -4.26941777e-01 -6.89403962e-01 1.12038671e+01 -6.83638835e-01 7.16985715e-01 1.36269686e-01 1.44472047e+01
1.90664818e-01 2.04577661e-01 -9.60101509e-01 3.27564363e+01 -7.93039889e-01 -5.44333892e-01 -2.73474583e-01 5.16371470e-01 -5.78562582e-01 8.13540776e-01 5.84529230e-02 -4.59435715e+01
4.08672129e-01 3.88493194e-01 -8.25869318e-01 2.39982504e+01 1.06401477e-01 8.78432274e-01 4.65870652e-01 -1.21629745e+01 9.06457841e-01 -2.78262067e-01 3.17654538e-01 -3.05469308e+01
6.40671836e-01 -7.27089545e-01 2.46739525e-01 5.34466232e+00 6.25035935e-01 6.80515567e-01 3.82398540e-01 -1.19167652e+01 -4.45948068e-01 -9.07709051e-02 8.90444251e-01 -3.14135957e+01
3.11859380e-01 8.51055385e-01 -4.22431602e-01 5.90680784e+00 -8.51759094e-01 4.47428588e-01 2.72606134e-01 -4.79351728e+00 4.21010894e-01 2.74795179e-01 8.64428966e-01 -3.40093277e+01
7.44544209e-01 -6.57235487e-01 -1.17027494e-01 8.11376924e+00 6.67389783e-01 7.28704652e-01 1.53559138e-01 -4.59119582e+00 -1.56460355e-02 -1.92434521e-01 9.81185078e-01 -3.25536165e+01
-1.99553632e-01 -9.71060309e-01 1.31225849e-01 8.58356456e+00 9.42010370e-01 -1.53238254e-01 2.98554016e-01 -3.41344029e+00 -2.69805135e-01 1.83193649e-01 9.45328131e-01 -3.15629124e+01
-1.63372794e-01 9.86397604e-01 -1.81410124e-02 1.01001904e+01 -9.83448855e-01 -1.61369129e-01 8.23914654e-02 -4.80786883e+00 7.83433448e-02 3.13012817e-02 9.96434920e-01 -5.61704440e+01
9.46381626e-01 2.18657663e-01 -2.37803795e-01 2.26095807e+01 -1.98051485e-01 9.74263148e-01 1.07642591e-01 -6.91512952e+00 2.55220351e-01 -5.47735758e-02 9.65330217e-01 -7.76818807e+01
9.50963519e-01 2.20495093e-01 -2.16910808e-01 2.06691603e+01 -2.04368756e-01 9.74326824e-01 9.44492014e-02 -5.67239747e+00 2.32167604e-01 -4.54879531e-02 9.71611573e-01 -7.81637387e+01
9.47130909e-01 2.18555184e-01 -2.34897152e-01 2.22886285e+01 -2.02148883e-01 9.75014941e-01 9.20961110e-02 -5.42774420e+00 2.49156315e-01 -3.97428763e-02 9.67647474e-01 -7.76262698e+01
9.48543218e-01 2.19353653e-01 -2.28363174e-01 2.16781096e+01 -1.99705301e-01 9.74089222e-01 1.06150739e-01 -6.70834127e+00 2.45730659e-01 -5.50832274e-02 9.67771813e-01 -7.78290459e+01
9.49069801e-01 2.22856439e-01 -2.22713988e-01 2.11720473e+01 -2.05844521e-01 9.73746740e-01 9.71870359e-02 -5.89261879e+00 2.38525777e-01 -4.63928265e-02 9.70027401e-01 -7.81669139e+01
9.47299383e-01 2.22412682e-01 -2.30556887e-01 2.18945873e+01 -2.04728857e-01 9.73871087e-01 9.82914082e-02 -6.00451586e+00 2.46393942e-01 -4.59097425e-02 9.68081774e-01 -7.80731693e+01
9.47345051e-01 2.22613018e-01 -2.30175582e-01 2.18764753e+01 -2.03512952e-01 9.73538931e-01 1.03944352e-01 -6.53942850e+00 2.47224256e-01 -5.16274556e-02 9.67581921e-01 -7.81757254e+01
9.49152774e-01 2.17495720e-01 -2.27606289e-01 2.16383174e+01 -2.00520023e-01 9.75022661e-01 9.55119466e-02 -5.76979159e+00 2.42694729e-01 -4.50158108e-02 9.69057710e-01 -7.83546257e+01
9.46866600e-01 2.25060163e-01 -2.29764151e-01 2.18947319e+01 -2.01619879e-01 9.71941245e-01 1.21159570e-01 -8.13256837e+00 2.50585447e-01 -6.83969294e-02 9.65675304e-01 -7.84419391e+01
9.50870180e-01 2.26427870e-01 -2.11131051e-01 2.02214513e+01 -2.09108997e-01 9.72627904e-01 1.01333057e-01 -6.31868923e+00 2.28296580e-01 -5.22051798e-02 9.72190975e-01 -7.87892717e+01
9.81149544e-01 -1.27632771e-01 1.45104956e-01 1.19016754e+01 1.05069083e-01 9.82506004e-01 1.53760982e-01 -5.28738707e+00 -1.62191431e-01 -1.35616473e-01 9.77395576e-01 -5.82847649e+01
9.50037205e-01 2.11911235e-01 -2.29178833e-01 2.19077464e+01 -1.97688294e-01 9.76692985e-01 8.36071212e-02 -4.66989880e+00 2.41554647e-01 -3.41239032e-02 9.69787045e-01 -7.87207673e+01
9.49949680e-01 2.27951442e-01 -2.13620565e-01 2.05823763e+01 -2.09383923e-01 9.72054221e-01 1.06155376e-01 -6.76806903e+00 2.31849043e-01 -5.61135533e-02 9.71131963e-01 -7.90620246e+01
1.93089554e-01 -9.02276570e-01 -3.85504105e-01 1.37678945e+01 8.42239689e-01 -4.91355045e-02 5.36859394e-01 -6.14036077e+00 -5.03337591e-01 -4.28348798e-01 7.50445585e-01 -6.43161547e+01
9.28540434e-01 3.68502988e-01 4.49245008e-02 2.03631598e+01 -3.68835266e-01 9.29494288e-01 -9.56368358e-04 -5.69953806e+00 -4.21094915e-02 -1.56817135e-02 9.98989927e-01 -7.64993134e+01
9.53774686e-01 2.20066681e-01 -2.04657041e-01 1.98746199e+01 -2.04440717e-01 9.74271551e-01 9.48627312e-02 -5.72989293e+00 2.20267659e-01 -4.86374394e-02 9.74226133e-01 -7.95781862e+01
9.56537580e-01 2.22200613e-01 -1.88845823e-01 1.84814921e+01 -2.08472082e-01 9.73883427e-01 8.99469907e-02 -5.27827868e+00 2.03900094e-01 -4.66685949e-02 9.77878722e-01 -7.99431018e+01
9.55066008e-01 2.35744154e-01 -1.79648584e-01 1.77289105e+01 -2.16754667e-01 9.68928263e-01 1.19144601e-01 -7.97602266e+00 2.02154234e-01 -7.48512897e-02 9.76489094e-01 -8.01327924e+01
9.57251205e-01 2.21452322e-01 -1.86088685e-01 1.83164487e+01 -2.01809467e-01 9.72190423e-01 1.18822222e-01 -7.91951848e+00 2.07227095e-01 -7.61882572e-02 9.75321629e-01 -8.00775502e+01
9.57791271e-01 2.14464590e-01 -1.91417921e-01 1.88192243e+01 -2.03334200e-01 9.76136110e-01 7.62463005e-02 -3.99814008e+00 2.03202077e-01 -3.41062311e-02 9.78542631e-01 -8.02895074e+01
9.61523470e-01 2.23565057e-01 -1.59659894e-01 1.59643018e+01 -2.06438195e-01 9.71436373e-01 1.17024120e-01 -7.75653875e+00 1.81261933e-01 -7.95615372e-02 9.80211239e-01 -8.07204453e+01
9.59121853e-01 1.93500912e-01 -2.06501013e-01 2.01593056e+01 -1.84781468e-01 9.80891082e-01 6.08974033e-02 -2.56434317e+00 2.14338706e-01 -2.02504699e-02 9.76549455e-01 -8.05163885e+01
9.59904407e-01 2.36365837e-01 -1.50714035e-01 1.52068932e+01 -2.12636321e-01 9.64274615e-01 1.57988171e-01 -1.15273118e+01 1.82672724e-01 -1.19606263e-01 9.75871414e-01 -8.07440353e+01
9.58946908e-01 2.00487584e-01 -2.00563097e-01 1.96661995e+01 -1.87876555e-01 9.78908665e-01 8.02510146e-02 -4.33465802e+00 2.12422286e-01 -3.92753585e-02 9.76388354e-01 -8.06038996e+01
9.55232293e-01 2.39644899e-01 -1.73498094e-01 1.73168755e+01 -2.16046462e-01 9.65657260e-01 1.44325961e-01 -1.02673466e+01 2.02126675e-01 -1.00381169e-01 9.74201431e-01 -8.09196742e+01
9.60473956e-01 2.17948550e-01 -1.73171038e-01 1.72399892e+01 -2.03105184e-01 9.74091770e-01 9.94661130e-02 -6.14157567e+00 1.90362978e-01 -6.03626755e-02 9.79856257e-01 -8.10603354e+01
9.56359819e-01 2.10983878e-01 -2.02142770e-01 1.98690664e+01 -2.00421902e-01 9.77089367e-01 7.16060726e-02 -3.60684844e+00 2.12619278e-01 -2.79673321e-02 9.76734801e-01 -8.06864780e+01
9.64865749e-01 2.15441357e-01 -1.50396506e-01 1.51553029e+01 -2.04951250e-01 9.75309371e-01 8.22594487e-02 -4.61753486e+00 1.64405208e-01 -4.85453728e-02 9.85197581e-01 -8.12926653e+01
9.61790157e-01 1.70335076e-01 -2.14349378e-01 2.08602262e+01 -1.64532437e-01 9.85355445e-01 4.47629771e-02 -1.10481524e+00 2.18835032e-01 -7.78516525e-03 9.75730813e-01 -8.08307400e+01
9.52697107e-01 2.28209249e-01 -2.00720604e-01 1.98079551e+01 -2.03069581e-01 9.69353814e-01 1.38260362e-01 -9.72727341e+00 2.26121577e-01 -9.09599984e-02 9.69842931e-01 -8.08897046e+01
9.59092589e-01 2.56066929e-01 -1.20710952e-01 1.25683797e+01 -2.33905210e-01 9.56991571e-01 1.71626006e-01 -1.28540302e+01 1.59467108e-01 -1.36370310e-01 9.77738912e-01 -8.18636545e+01
9.55168518e-01 2.27735435e-01 -1.89181588e-01 1.87559449e+01 -2.13029036e-01 9.72415098e-01 9.50131951e-02 -5.80462506e+00 2.05600904e-01 -5.04524415e-02 9.77334548e-01 -8.12555416e+01
9.34424091e-01 3.15217650e-01 -1.65799430e-01 1.69131338e+01 -3.02787060e-01 9.48188106e-01 9.62253215e-02 -6.06871606e+00 1.87540967e-01 -3.97133366e-02 9.81453634e-01 -8.06453992e+01
9.55140969e-01 1.86863180e-01 -2.29756133e-01 2.23387771e+01 -1.85830608e-01 9.82229122e-01 2.63236919e-02 5.36636335e-01 2.30592093e-01 1.75528852e-02 9.72892174e-01 -8.05407017e+01
-7.63954050e-01 -5.49100815e-01 -3.38913712e-01 2.93103407e+01 -5.56992934e-01 8.26331898e-01 -8.32734405e-02 9.91402285e+00 3.25780725e-01 1.25155461e-01 -9.37124874e-01 9.55008603e+01
-3.31762184e-01 -9.04320264e-01 2.68586508e-01 2.51514318e+12 -8.13998558e-01 1.30518297e-01 -5.66013535e-01 -6.02487700e+12 4.76802056e-01 -4.06410917e-01 -7.79416426e-01 5.06493550e+13
9.56234542e-01 1.72966848e-01 -2.36004173e-01 2.28462610e+01 -1.72843730e-01 9.84717323e-01 2.13738043e-02 1.01617596e+00 2.36094357e-01 2.03534715e-02 9.71516954e-01 -8.07178330e+01
9.47767956e-01 2.42882917e-01 -2.06745714e-01 2.04094797e+01 -2.27093041e-01 9.68997744e-01 9.73248303e-02 -6.00497637e+00 2.23974669e-01 -4.52908427e-02 9.73542032e-01 -8.14882603e+01
9.58037982e-01 2.17683208e-01 -1.86486585e-01 1.84616196e+01 -2.10505689e-01 9.75887817e-01 5.77089491e-02 -2.36975430e+00 1.94552256e-01 -1.60308780e-02 9.80761149e-01 -8.20099644e+01
9.37455455e-01 2.03914467e-01 -2.82127913e-01 2.71834481e+01 -2.08692703e-01 9.77890171e-01 1.33479876e-02 1.74245713e+00 2.78611961e-01 4.63648930e-02 9.59283937e-01 -8.00258169e+01
9.38036672e-01 2.03239004e-01 -2.80679728e-01 2.74665151e+01 -2.07325425e-01 9.78150973e-01 1.53897054e-02 1.74684667e+00 2.77674937e-01 4.37559358e-02 9.59678096e-01 -8.11524597e+01
-9.74258833e-01 -1.37777674e-01 -1.78429368e-01 1.63096809e+01 -1.63533419e-01 9.76736443e-01 1.38718209e-01 -5.19635383e+00 1.55166194e-01 1.64326604e-01 -9.74125361e-01 5.98890750e+01
9.56592958e-01 2.09499934e-01 -2.02582552e-01 1.99039052e+01 -2.02325656e-01 9.77730923e-01 5.57366203e-02 -2.11044274e+00 2.09748044e-01 -1.23296109e-02 9.77677728e-01 -8.20295762e+01
9.02302286e-01 3.37031049e-01 -2.68813424e-01 2.63966749e+01 -3.05624173e-01 9.39859065e-01 1.52508368e-01 -1.11613143e+01 3.04046788e-01 -5.54527688e-02 9.51041819e-01 -7.76090256e+01
9.18444236e-01 3.51097776e-01 -1.82182703e-01 1.85183697e+01 -3.50147273e-01 9.35905471e-01 3.84426471e-02 -7.40499499e-01 1.84002916e-01 2.84833489e-02 9.82512914e-01 -8.06513142e+01
9.99130868e-01 -4.04846291e-02 -9.92485154e-03 -1.56402280e+00 -3.90636842e-02 -9.92487128e-01 1.15945369e-01 -2.24678495e+01 -1.45442927e-02 -1.15456896e-01 -9.93206005e-01 1.56301292e+02
9.99188020e-01 -3.95035619e-02 -7.92275742e-03 -1.51234561e+00 -3.83120898e-02 -9.92438520e-01 1.16610327e-01 -2.26292344e+01 -1.24693729e-02 -1.16212104e-01 -9.93146143e-01 1.57452699e+02
9.99271889e-01 -3.71115771e-02 -8.85563622e-03 -1.56867385e+00 -3.58145188e-02 -9.92413032e-01 1.17616722e-01 -2.27725542e+01 -1.31533908e-02 -1.17213923e-01 -9.93019579e-01 1.58604992e+02
9.63572984e-01 2.19266875e-01 -1.53131130e-01 1.54534193e+01 -2.34394591e-01 9.68083572e-01 -8.87320282e-02 1.10664648e+01 1.28787737e-01 1.21392894e-01 9.84214145e-01 -8.18654923e+01
9.64389964e-01 2.25915526e-01 -1.37528806e-01 1.40014007e+01 -2.19045429e-01 9.73653228e-01 6.33915749e-02 -2.80110252e+00 1.48226507e-01 -3.10091424e-02 9.88467165e-01 -8.35588726e+01
9.64496665e-01 2.26251807e-01 -1.36221520e-01 1.41720837e+01 -2.19523801e-01 9.73587922e-01 6.27364301e-02 -2.84436684e+00 1.46817858e-01 -3.06052116e-02 9.88689960e-01 -8.47181341e+01
9.64849262e-01 2.26564832e-01 -1.33170114e-01 1.42921149e+01 -2.20015630e-01 9.73512039e-01 6.21886833e-02 -2.89918169e+00 1.43732478e-01 -3.07031987e-02 9.89140176e-01 -8.58783209e+01
2.60058270e-02 -2.14509096e-01 -9.76375719e-01 7.58620723e+01 -2.20546429e-01 -9.53870772e-01 2.03690507e-01 -2.48719779e+01 -9.75029728e-01 2.10039038e-01 -7.21154135e-02 6.41089285e+01
2.53571561e-02 -2.13862029e-01 -9.76534714e-01 7.69995701e+01 -2.21444311e-01 -9.53782455e-01 2.03129136e-01 -2.51367336e+01 -9.74843286e-01 2.11097280e-01 -7.15437403e-02 6.41929474e+01
5.31120440e-02 -9.45497663e-01 3.21268238e-01 1.00383448e+04 4.72875406e-01 -2.59549758e-01 -8.42034901e-01 -2.13521711e+04 8.79527124e-01 1.96642043e-01 4.33317373e-01 1.58367245e+05
5.24454646e-02 -9.44821854e-01 3.23359145e-01 1.00379671e+04 4.73265900e-01 -2.61616642e-01 -8.41175440e-01 -2.13511914e+04 8.79357073e-01 1.97150694e-01 4.33431359e-01 1.58366729e+05
5.36547600e-02 -9.44633323e-01 3.23711372e-01 1.00375821e+04 4.74243097e-01 -2.61179098e-01 -8.40760944e-01 -2.13502279e+04 8.78757448e-01 1.98628710e-01 4.33972330e-01 1.58366191e+05
5.44390634e-02 -9.44518532e-01 3.23915315e-01 1.00371766e+04 4.74970255e-01 -2.60850829e-01 -8.40452320e-01 -2.13492558e+04 8.78316370e-01 1.99603577e-01 4.34417733e-01 1.58365680e+05
5.50067336e-02 -9.44213323e-01 3.24708270e-01 1.00367927e+04 4.75160829e-01 -2.61263199e-01 -8.40216476e-01 -2.13482794e+04 8.78177912e-01 2.00506215e-01 4.34281950e-01 1.58365167e+05
8.69873339e-01 4.68318149e-01 -1.54914442e-01 1.66467026e+01 4.60230874e-01 -8.83550061e-01 -8.67573186e-02 3.79966152e+00 -1.77504692e-01 4.17146923e-03 -9.84111113e-01 9.74009880e+01
9.72589897e-01 2.30796030e-01 2.83210981e-02 -3.07122266e+00 -2.30118416e-01 9.72834627e-01 -2.52646668e-02 -5.40488219e-01 -3.33827297e-02 1.80549535e-02 9.99279546e-01 -2.13686271e+01
9.36774775e-01 1.15212281e-01 -3.30422685e-01 3.11765367e+01 7.50387074e-02 -9.88418398e-01 -1.31902474e-01 6.00847517e+00 -3.41792646e-01 9.87684191e-02 -9.34570803e-01 1.02788904e+02
9.68176490e-01 7.92565451e-02 -2.37387202e-01 2.20978833e+01 -3.53979640e-02 9.82361288e-01 1.83611774e-01 -1.47453391e+01 2.47752432e-01 -1.69365579e-01 9.53904625e-01 -6.53006525e+01
9.51337345e-01 1.58455990e-01 -2.64289528e-01 2.49022023e+01 -1.50784476e-01 9.87341539e-01 4.92008845e-02 -2.55241957e+00 2.68740204e-01 -6.95588100e-03 9.63187582e-01 -6.64252234e+01
9.52030889e-01 1.55836884e-01 -2.63347777e-01 2.51904966e+01 -1.48216193e-01 9.87755666e-01 4.86898770e-02 -2.59365452e+00 2.67710937e-01 -7.32186197e-03 9.63471455e-01 -6.75592389e+01
8.55846616e-01 4.69261071e-01 -2.17533024e-01 9.53902620e+00 5.03041876e-01 -8.53005618e-01 1.39033405e-01 -1.52265964e+01 -1.20313927e-01 -2.28419489e-01 -9.66099941e-01 7.10727998e+01
8.56079855e-01 4.68507034e-01 -2.18239412e-01 9.77720192e+00 5.02339835e-01 -8.53570516e-01 1.38101645e-01 -1.54237971e+01 -1.21581136e-01 -2.27856386e-01 -9.66074270e-01 7.21998644e+01
6.95465315e-01 -7.15520239e-01 -6.60210883e-02 2.54322644e+00 7.08023587e-01 6.98045609e-01 -1.06934222e-01 1.06589710e+01 1.22599331e-01 2.76245546e-02 9.92071715e-01 -6.50010411e+01
5.07527754e-01 -8.32750712e-01 2.21228007e-01 -2.53163217e+01 8.57538757e-01 5.13189035e-01 -3.55569143e-02 4.17321043e-01 -8.39217420e-02 2.07757711e-01 9.74573689e-01 -3.53340001e+01
5.07184512e-01 -8.32781989e-01 2.21896439e-01 -2.55909012e+01 8.58008523e-01 5.12151178e-01 -3.90198123e-02 4.55025044e-01 -8.11495256e-02 2.10179280e-01 9.74289189e-01 -3.64681219e+01
9.96102793e-01 -6.36918803e-02 -6.10128684e-02 5.59135097e+00 6.45848763e-02 9.97830435e-01 1.27756502e-02 1.11343367e+00 6.00667918e-02 -1.66663694e-02 9.98055215e-01 -7.41495538e+01
9.96006911e-01 -6.52633874e-02 -6.09173435e-02 5.61143822e+00 6.62130733e-02 9.97711432e-01 1.37013679e-02 1.10607747e+00 5.98837323e-02 -1.76801816e-02 9.98048771e-01 -7.53153005e+01
9.95834826e-01 -6.78897607e-02 -6.08603234e-02 5.67215966e+00 6.90356525e-02 9.97470611e-01 1.69250803e-02 1.09446546e+00 5.95573443e-02 -2.10561166e-02 9.98002787e-01 -7.64909355e+01
9.95727069e-01 -6.92377269e-02 -6.11043481e-02 5.71895466e+00 7.05419903e-02 9.97319177e-01 1.94496216e-02 1.06945445e+00 5.95938905e-02 -2.36769371e-02 9.97941867e-01 -7.76675708e+01
9.95684076e-01 -6.82341818e-02 -6.29072087e-02 5.86649154e+00 6.95415397e-02 9.97401327e-01 1.88299602e-02 1.08649385e+00 6.14588865e-02 -2.31233557e-02 9.97841729e-01 -7.88397677e+01
9.95480546e-01 -7.00542857e-02 -6.41161491e-02 5.89223226e+00 7.13896949e-02 9.97271751e-01 1.87767402e-02 1.04212145e+00 6.26258331e-02 -2.32691119e-02 9.97765781e-01 -8.00171331e+01
9.95531388e-01 -7.01085273e-02 -6.32617540e-02 5.91677308e+00 7.12787366e-02 9.97321080e-01 1.64318453e-02 1.04605837e+00 6.19402684e-02 -2.08676356e-02 9.97861686e-01 -8.11926043e+01
9.95621328e-01 -6.85820576e-02 -6.35190730e-02 6.00903300e+00 6.97067288e-02 9.97444605e-01 1.56599036e-02 1.06596830e+00 6.22827682e-02 -2.00190408e-02 9.97857753e-01 -8.23658035e+01
9.95824822e-01 -6.75099681e-02 -6.14436980e-02 6.00208494e+00 6.85534390e-02 9.97534169e-01 1.50335394e-02 1.07722058e+00 6.02772744e-02 -1.91829485e-02 9.97997327e-01 -8.35465074e+01
9.95834038e-01 -6.69298918e-02 -6.19270472e-02 6.05061756e+00 6.80707075e-02 9.97544099e-01 1.64969732e-02 1.07800322e+00 6.06708199e-02 -2.06436653e-02 9.97944332e-01 -8.47258740e+01
9.95746144e-01 -6.69588870e-02 -6.32939474e-02 6.08685334e+00 6.82718210e-02 9.97489401e-01 1.88109993e-02 1.05126762e+00 6.18754780e-02 -2.30521730e-02 9.97817630e-01 -8.59047898e+01
9.95761016e-01 -6.69768467e-02 -6.30404667e-02 6.13083009e+00 6.82570797e-02 9.97498518e-01 1.83760339e-02 1.06015388e+00 6.16520032e-02 -2.26010963e-02 9.97841782e-01 -8.70814700e+01
9.95627483e-01 -6.86279004e-02 -6.33729094e-02 6.15040449e+00 6.98739230e-02 9.97399556e-01 1.76567689e-02 1.04187078e+00 6.19963647e-02 -2.20076782e-02 9.97833710e-01 -8.82542958e+01
9.95504723e-01 -6.84062410e-02 -6.55052074e-02 6.24306544e+00 6.95743853e-02 9.97452928e-01 1.57181981e-02 1.04806061e+00 6.42631381e-02 -2.02050250e-02 9.97728423e-01 -8.94188732e+01
9.95390693e-01 -7.05903187e-02 -6.49182201e-02 6.26237565e+00 7.17105035e-02 9.97311374e-01 1.50872892e-02 1.04182565e+00 6.36786627e-02 -1.96730655e-02 9.97776527e-01 -9.05842101e+01
6.67775978e-01 7.43951150e-01 -2.47372291e-02 1.20166565e+01 -6.71181945e-01 6.16161932e-01 4.12139867e-01 -3.68351031e+01 3.21854066e-01 -2.58613921e-01 9.10784717e-01 -4.34020552e+01
8.09309564e-01 -5.87220975e-01 1.37679729e-02 9.40853911e+03 -5.86000221e-01 -8.08790424e-01 -4.96164466e-02 -2.35817290e+03 4.02712228e-02 3.20870296e-02 -9.98673446e-01 3.37597965e+04
9.20788652e-01 3.90037058e-01 -4.39905586e-03 4.03026472e+00 -3.82996648e-01 9.06189635e-01 1.79259344e-01 -1.15631037e+01 7.39041659e-02 -1.63375146e-01 9.83792019e-01 -6.73338154e+01
9.20886499e-01 3.89810564e-01 -3.97241695e-03 4.04745370e+00 -3.82830547e-01 9.06225477e-01 1.79432879e-01 -1.17459231e+01 7.35447371e-02 -1.63716553e-01 9.83762198e-01 -6.84867649e+01
9.20867691e-01 3.89867094e-01 -2.51903389e-03 3.95879116e+00 -3.83081556e-01 9.06003365e-01 1.80017845e-01 -1.19288522e+01 7.24652871e-02 -1.64807622e-01 9.83660119e-01 -6.96406934e+01
9.19495885e-01 3.93067732e-01 -5.00765105e-03 4.09736603e+00 -3.85863378e-01 9.04929407e-01 1.79477634e-01 -1.21312481e+01 7.50784372e-02 -1.63096677e-01 9.83749309e-01 -7.07868742e+01
9.19659524e-01 3.92679674e-01 -5.38825849e-03 4.13168027e+00 -3.85477923e-01 9.05245198e-01 1.78711788e-01 -1.23233377e+01 7.50541818e-02 -1.62276943e-01 9.83886713e-01 -7.19440726e+01
9.19709125e-01 3.92573799e-01 -4.57581930e-03 4.14390596e+00 -3.85600582e-01 9.05440864e-01 1.77451492e-01 -1.25003352e+01 7.38059401e-02 -1.61439318e-01 9.84118910e-01 -7.31072930e+01
9.20244248e-01 3.91331940e-01 -3.13642230e-03 4.09279012e+00 -3.84570014e-01 9.05769801e-01 1.78008345e-01 -1.26907533e+01 7.25012276e-02 -1.62604982e-01 9.84023979e-01 -7.42724938e+01
-4.64047977e-01 -1.10775252e-01 8.78856256e-01 -8.02977460e+01 2.96852655e-01 -9.54226737e-01 3.64669036e-02 -8.77925857e+00 8.34588507e-01 2.77813206e-01 4.75690915e-01 -6.93966509e+00
9.98657416e-01 -4.77782012e-02 2.00152059e-02 -5.52415806e-01 4.85003709e-02 9.98126454e-01 -3.73000684e-02 4.83731980e+00 -1.81955763e-02 3.82207349e-02 9.99103646e-01 -4.18598278e+01
9.98657499e-01 -4.66966613e-02 2.24192107e-02 -5.66114524e-01 4.75179130e-02 9.98161902e-01 -3.76147019e-02 4.92058276e+00 -2.06215210e-02 3.86295182e-02 9.99040797e-01 -4.30399827e+01
9.98692588e-01 -4.60377842e-02 2.22179646e-02 -4.05517191e-01 4.68625509e-02 9.98172545e-01 -3.81506567e-02 5.01863772e+00 -2.04209906e-02 3.91419685e-02 9.99024969e-01 -4.41983212e+01
6.83941412e-01 -7.15919472e-01 -1.40297734e-01 8.24155346e+00 -7.27571342e-01 -6.55259203e-01 -2.03163281e-01 1.64301904e+01 5.35171671e-02 2.41028392e-01 -9.69041396e-01 8.26618463e+01
6.84444017e-01 -7.14779675e-01 -1.43618953e-01 8.36007043e+00 -7.27337906e-01 -6.55889760e-01 -2.01960871e-01 1.67248495e+01 5.01593248e-02 2.42690418e-01 -9.68806174e-01 8.37990157e+01
6.84876968e-01 -7.13773722e-01 -1.46528537e-01 8.47805585e+00 -7.27137820e-01 -6.56500018e-01 -2.00694587e-01 1.69883341e+01 4.70545358e-02 2.43997541e-01 -9.68633610e-01 8.49411382e+01
6.84185224e-01 -7.16310718e-01 -1.37074919e-01 8.80966507e+00 -7.27285793e-01 -6.56140503e-01 -2.01333096e-01 1.70266874e+01 5.42766485e-02 2.37441771e-01 -9.69884246e-01 8.60696497e+01
6.84656940e-01 -7.15623480e-01 -1.38303685e-01 9.00058083e+00 -7.26859598e-01 -6.56300211e-01 -2.02349100e-01 1.72207348e+01 5.40370294e-02 2.39067077e-01 -9.69498289e-01 8.72188673e+01
6.84228214e-01 -7.15708846e-01 -1.39973567e-01 9.17858671e+00 -7.27350238e-01 -6.55830376e-01 -2.02109251e-01 1.73977924e+01 5.28524622e-02 2.40098659e-01 -9.69308646e-01 8.83797875e+01
6.84140288e-01 -7.15464805e-01 -1.41641023e-01 9.36823247e+00 -7.27510364e-01 -6.55636053e-01 -2.02163389e-01 1.75906170e+01 5.17758282e-02 2.41353431e-01 -9.69055099e-01 8.95406629e+01
6.82770929e-01 -7.15888301e-01 -1.46040401e-01 9.47667871e+00 -7.28879867e-01 -6.53551332e-01 -2.03972535e-01 1.78813842e+01 5.05766525e-02 2.45712425e-01 -9.68022420e-01 9.06932890e+01
8.50449065e-02 -9.94861926e-01 -5.49282502e-02 5.62306360e+00 -9.56072136e-01 -9.70015353e-02 2.76616654e-01 -1.96729148e+01 -2.80523501e-01 2.89905320e-02 -9.59409253e-01 9.14782702e+01
8.78762537e-01 8.34041980e-02 4.69915039e-01 -3.00131639e+01 -1.21785499e-01 9.91202900e-01 5.18179865e-02 -8.29823743e-01 -4.61459312e-01 -1.02764543e-01 8.81189396e-01 -4.53482976e+01
8.77333535e-01 8.18615302e-02 4.72847289e-01 -3.05213066e+01 -1.20627592e-01 9.91324814e-01 5.21928884e-02 -8.51755927e-01 -4.64472661e-01 -1.02829001e-01 8.79597262e-01 -4.64222921e+01
6.34329752e-01 -4.94942833e-01 -5.93849609e-01 5.67471600e+10 -5.70946161e-01 -8.17844793e-01 7.17661212e-02 -5.89371103e+09 -5.21196938e-01 2.93532768e-01 -8.01368995e-01 8.15370493e+10
6.34246320e-01 -4.94254536e-01 -5.94511614e-01 5.67471600e+10 -5.70445732e-01 -8.18203929e-01 7.16519168e-02 -5.89371103e+09 -5.21846024e-01 2.93691648e-01 -8.00888222e-01 8.15370493e+10
-3.77590306e-01 -8.91393148e-01 2.50686690e-01 1.27092218e+04 -9.06486001e-01 3.00591362e-01 -2.96526495e-01 1.96705679e+03 1.88967432e-01 -3.39209505e-01 -9.21535795e-01 3.57826694e+04
-3.76837997e-01 -8.92181083e-01 2.49010120e-01 1.27089185e+04 -9.06896185e-01 3.00663225e-01 -2.95196434e-01 1.96745337e+03 1.88500488e-01 -3.37067561e-01 -9.22416948e-01 3.57837387e+04
-3.76579101e-01 -8.92245645e-01 2.49170403e-01 1.27085941e+04 -9.07213903e-01 3.00760139e-01 -2.94119488e-01 1.96781799e+03 1.87486307e-01 -3.36810106e-01 -9.22717637e-01 3.57848212e+04
-3.77023295e-01 -8.91627540e-01 2.50706534e-01 1.27082394e+04 -9.07060685e-01 3.00698680e-01 -2.94654403e-01 1.96808311e+03 1.87334857e-01 -3.38497614e-01 -9.22130694e-01 3.57859286e+04
-3.76481683e-01 -8.92266059e-01 2.49244502e-01 1.27079307e+04 -9.06810174e-01 2.99855986e-01 -2.96279761e-01 1.96847367e+03 1.89622919e-01 -3.37561353e-01 -9.22006226e-01 3.57870188e+04
-3.75269955e-01 -8.92158756e-01 2.51446246e-01 1.27076114e+04 -9.07113572e-01 2.97709172e-01 -2.97513387e-01 1.96882001e+03 1.90571320e-01 -3.39738138e-01 -9.21010624e-01 3.57881248e+04
-3.74981483e-01 -8.92307032e-01 2.51350447e-01 1.27073021e+04 -9.06936508e-01 2.96962493e-01 -2.98796668e-01 1.96920955e+03 1.91976713e-01 -3.40002114e-01 -9.20621260e-01 3.57892233e+04
-3.75138606e-01 -8.92475191e-01 2.50517585e-01 1.27070323e+04 -9.06491768e-01 2.96710091e-01 -3.00392738e-01 1.96961612e+03 1.93761970e-01 -3.39781041e-01 -9.20328823e-01 3.57903180e+04
-3.75590984e-01 -8.91598249e-01 2.52950541e-01 1.27066866e+04 -9.06666052e-01 2.96925424e-01 -2.99653072e-01 1.96996740e+03 1.92062708e-01 -3.41888660e-01 -9.19904376e-01 3.57914081e+04
-3.77022983e-01 -8.90698616e-01 2.53987492e-01 1.27063795e+04 -9.06060526e-01 2.97804850e-01 -3.00610371e-01 1.97034073e+03 1.92114534e-01 -3.43465060e-01 -9.19306129e-01 3.57925006e+04
-3.76210332e-01 -8.90884058e-01 2.54541511e-01 1.27060119e+04 -9.06630929e-01 2.97327369e-01 -2.99360641e-01 1.97072405e+03 1.91013465e-01 -3.43397773e-01 -9.19560670e-01 3.57935692e+04
-3.78165458e-01 -8.89486944e-01 2.56522635e-01 1.27056826e+04 -9.05867845e-01 2.98453710e-01 -3.00547552e-01 1.97107138e+03 1.90772991e-01 -3.46032309e-01 -9.18622505e-01 3.57946611e+04
-3.78255297e-01 -8.88168101e-01 2.60922125e-01 1.27053555e+04 -9.06229920e-01 2.97777749e-01 -3.00126215e-01 1.97142358e+03 1.88865728e-01 -3.49979767e-01 -9.17520517e-01 3.57957510e+04
-3.77248270e-01 -8.87822661e-01 2.63542531e-01 1.27050261e+04 -9.07321631e-01 2.97280459e-01 -2.97307563e-01 1.97180063e+03 1.85610347e-01 -3.51276603e-01 -9.17689243e-01 3.57968292e+04
-3.79351352e-01 -8.86783877e-01 2.64020655e-01 1.27046929e+04 -9.06688194e-01 2.99410181e-01 -2.97102780e-01 1.97220715e+03 1.84415483e-01 -3.52090753e-01 -9.17618129e-01 3.57978949e+04
-3.79685011e-01 -8.86395230e-01 2.64844838e-01 1.27043882e+04 -9.06524921e-01 2.99378224e-01 -2.97632738e-01 1.97260271e+03 1.84531461e-01 -3.53095135e-01 -9.17208790e-01 3.57989730e+04
-3.81177952e-01 -8.85088279e-01 2.67061992e-01 1.27040280e+04 -9.06124508e-01 3.00362820e-01 -2.97859955e-01 1.97293104e+03 1.83416862e-01 -3.55529064e-01 -9.16491865e-01 3.58000536e+04
-3.83146796e-01 -8.83590441e-01 2.69195962e-01 1.27036898e+04 -9.05410188e-01 3.01573217e-01 -2.98807607e-01 1.97328056e+03 1.82841253e-01 -3.58219944e-01 -9.15558599e-01 3.58011334e+04
-3.82720324e-01 -8.84033000e-01 2.68348297e-01 1.27033546e+04 -9.05454741e-01 3.01225936e-01 -2.99022820e-01 1.97367942e+03 1.83512574e-01 -3.57419349e-01 -9.15737159e-01 3.58021960e+04
-3.82744012e-01 -8.83501228e-01 2.70060365e-01 1.27030248e+04 -9.05617538e-01 3.01005459e-01 -2.98751715e-01 1.97406119e+03 1.82657863e-01 -3.58916833e-01 -9.15322245e-01 3.58032654e+04
-3.83661208e-01 -8.82254911e-01 2.72819261e-01 1.27026874e+04 -9.05562394e-01 3.01524036e-01 -2.98395721e-01 1.97439970e+03 1.80999526e-01 -3.61537726e-01 -9.14619946e-01 3.58043463e+04
-3.84597881e-01 -8.82131074e-01 2.71899318e-01 1.27023474e+04 -9.05281882e-01 3.02876904e-01 -2.97876307e-01 1.97478115e+03 1.80413923e-01 -3.60708123e-01 -9.15063094e-01 3.58054112e+04
-3.83818509e-01 -8.81172385e-01 2.76077125e-01 1.27019935e+04 -9.05822858e-01 3.01216993e-01 -2.97914876e-01 1.97508687e+03 1.79355241e-01 -3.64422214e-01 -9.13798746e-01 3.58065086e+04
-3.83582146e-01 -8.80652078e-01 2.78058725e-01 1.27016453e+04 -9.05793378e-01 3.00078334e-01 -2.99151049e-01 1.97545301e+03 1.80008594e-01 -3.66612753e-01 -9.12793512e-01 3.58075958e+04
-3.87672139e-01 -8.77527619e-01 2.82233220e-01 1.27012594e+04 -9.04275949e-01 3.02626236e-01 -3.01168340e-01 1.97579354e+03 1.78872359e-01 -3.71971287e-01 -9.10846881e-01 3.58086822e+04
-3.86925846e-01 -8.78003349e-01 2.81777409e-01 1.27009299e+04 -9.04161616e-01 3.01247368e-01 -3.02889080e-01 1.97617659e+03 1.81052924e-01 -3.71967931e-01 -9.10417320e-01 3.58097738e+04
-3.86979022e-01 -8.78415525e-01 2.80416478e-01 1.27005850e+04 -9.03942212e-01 3.01360333e-01 -3.03431091e-01 1.97655372e+03 1.82032178e-01 -3.70901758e-01 -9.10657000e-01 3.58108606e+04
-3.89354068e-01 -8.77699045e-01 2.79370357e-01 1.27002311e+04 -9.02772905e-01 3.03451745e-01 -3.04824737e-01 1.97691275e+03 1.82768958e-01 -3.70892740e-01 -9.10513088e-01 3.58119455e+04
-8.62386611e-01 4.85736676e-01 1.42650674e-01 2.97075069e+03 -4.42951953e-03 -2.89008014e-01 9.57316430e-01 3.98861426e+02 5.06230889e-01 8.24944998e-01 2.51388222e-01 5.40924885e+03
-8.61179613e-01 4.86151631e-01 1.48412483e-01 2.97059907e+03 9.21569178e-04 -2.90483890e-01 9.56879439e-01 3.97713521e+02 5.08299936e-01 8.24181837e-01 2.49710782e-01 5.40896245e+03
-2.72103340e-02 -1.75355856e-01 9.84129017e-01 -7.61024917e+01 -1.61822571e-01 9.72280820e-01 1.68770442e-01 -8.47097890e+00 -9.86444653e-01 -1.54661988e-01 -5.48326213e-02 3.32132186e+01
-2.70002707e-02 -1.72148873e-01 9.84700843e-01 -7.72820800e+01 -1.63858838e-01 9.72498102e-01 1.65522575e-01 -8.66609312e+00 -9.86114226e-01 -1.56882781e-01 -5.44658262e-02 3.32699153e+01
-2.67098808e-02 -1.66956431e-01 9.85602421e-01 -7.84691567e+01 -1.64526410e-01 9.73242820e-01 1.60404097e-01 -8.84774864e+00 -9.86010975e-01 -1.57873254e-01 -5.34639419e-02 3.32819323e+01
-2.64870089e-02 -1.71164328e-01 9.84886395e-01 -7.96506372e+01 -1.61370080e-01 9.73042550e-01 1.64766175e-01 -9.04782887e+00 -9.86538461e-01 -1.54567033e-01 -5.33937880e-02 3.33915304e+01
-2.63610220e-02 -1.75694652e-01 9.84091706e-01 -8.08329404e+01 -1.55701330e-01 9.73141060e-01 1.69568784e-01 -9.22939976e+00 -9.87452375e-01 -1.48754381e-01 -5.30088839e-02 3.35042732e+01
-7.89771310e-01 4.41350567e-01 4.25994078e-01 1.18586665e+14 4.35010748e-01 8.92618987e-01 -1.18308892e-01 -3.56504369e+13 -4.32466099e-01 9.18750335e-02 -8.96957107e-01 3.95911908e+14
-7.89551682e-01 4.40200487e-01 4.27588204e-01 1.18586665e+14 4.33085191e-01 8.93331976e-01 -1.19979991e-01 -3.56504369e+13 -4.34793466e-01 9.04517155e-02 -8.95976076e-01 3.95911908e+14
-7.86546744e-01 4.38791665e-01 4.34518232e-01 1.18586665e+14 4.29701403e-01 8.94247191e-01 -1.25214479e-01 -3.56504369e+13 -4.43509778e-01 8.82260534e-02 -8.91916611e-01 3.95911908e+14
-7.85969400e-01 4.38411428e-01 4.35944402e-01 1.18586665e+14 4.27474394e-01 8.94758527e-01 -1.29123278e-01 -3.56504369e+13 -4.46674091e-01 8.48681235e-02 -8.90662483e-01 3.95911908e+14
5.17149740e-01 5.78615506e-02 8.53936876e-01 -5.56097681e+01 -3.32691084e-01 9.32843811e-01 1.38271717e-01 -6.35003341e+00 -7.88589113e-01 -3.55604367e-01 5.01669956e-01 -1.97174529e+01
5.19264797e-01 6.11193456e-02 8.52425068e-01 -5.65664714e+01 -3.31885396e-01 9.33575839e-01 1.35234008e-01 -6.51998013e+00 -7.87538034e-01 -3.53129691e-01 5.05057687e-01 -2.04083027e+01
5.20027379e-01 6.51768965e-02 8.51659261e-01 -5.75753837e+01 -3.31045088e-01 9.34530837e-01 1.30618775e-01 -6.65923591e+00 -7.87388516e-01 -3.49862955e-01 5.07558113e-01 -2.10154907e+01
5.23980677e-01 6.78686078e-02 8.49021850e-01 -5.85534268e+01 -3.31343941e-01 9.34540838e-01 1.29786809e-01 -6.85682312e+00 -7.84637141e-01 -3.49324026e-01 5.12169193e-01 -2.16687577e+01
5.25370174e-01 7.66398360e-02 8.47415197e-01 -5.95149635e+01 -3.34162440e-01 9.34500626e-01 1.22654166e-01 -6.92894280e+00 -7.82509837e-01 -3.47613170e-01 5.16568911e-01 -2.23691782e+01
5.25755878e-01 7.30515197e-02 8.47492910e-01 -6.05746811e+01 -3.34093323e-01 9.33978109e-01 1.26753872e-01 -7.03288492e+00 -7.82280262e-01 -3.49783316e-01 5.15450506e-01 -2.29165915e+01
5.29052711e-01 7.36050215e-02 8.45390756e-01 -6.15766593e+01 -3.35186362e-01 9.33347747e-01 1.28499362e-01 -7.15910858e+00 -7.79585359e-01 -3.51346388e-01 5.18461555e-01 -2.35675647e+01
5.29453159e-01 7.31010842e-02 8.45183758e-01 -6.26266703e+01 -3.35435308e-01 9.33130965e-01 1.29420847e-01 -7.30091722e+00 -7.79206331e-01 -3.52026750e-01 5.18569822e-01 -2.41397202e+01
5.30886769e-01 7.49904003e-02 8.44118285e-01 -6.36498234e+01 -3.34196264e-01 9.33877936e-01 1.27219723e-01 -7.41847389e+00 -7.78763183e-01 -3.49640445e-01 5.20844951e-01 -2.47676868e+01
5.36540070e-01 7.36210546e-02 8.40657298e-01 -6.45956157e+01 -3.31111286e-01 9.34666668e-01 1.29474076e-01 -7.60457338e+00 -7.76202338e-01 -3.47819149e-01 5.25862882e-01 -2.54937992e+01
5.38769298e-01 7.45158064e-02 8.39151380e-01 -6.56182327e+01 -3.31383588e-01 9.34528203e-01 1.29776561e-01 -7.73850110e+00 -7.74540226e-01 -3.48000622e-01 5.28188419e-01 -2.61250193e+01
5.41411814e-01 7.47017645e-02 8.37432322e-01 -6.66270788e+01 -3.31521005e-01 9.34310226e-01 1.30989410e-01 -7.90617079e+00 -7.72636442e-01 -3.48545619e-01 5.30611799e-01 -2.67758117e+01
5.42444587e-01 7.91616200e-02 8.36353578e-01 -6.76628643e+01 -3.34622534e-01 9.33526352e-01 1.28671326e-01 -8.03281003e+00 -7.70572274e-01 -3.49659818e-01 5.32875578e-01 -2.73915124e+01
5.44004203e-01 8.24446021e-02 8.35022344e-01 -6.86519862e+01 -3.35729063e-01 9.33417293e-01 1.26562846e-01 -8.20100089e+00 -7.68989872e-01 -3.49191989e-01 5.35461979e-01 -2.80721279e+01
7.43208374e-01 2.84126053e-01 -6.05734017e-01 6.06210595e+01 3.32821863e-01 -9.42388072e-01 -3.36798107e-02 -4.44182542e+00 -5.80405824e-01 -1.76570407e-01 -7.94954068e-01 9.12599959e+01
7.45514672e-01 2.83851326e-01 -6.03022635e-01 6.14189882e+01 3.32465106e-01 -9.42550350e-01 -3.26464572e-02 -4.41141119e+00 -5.77645936e-01 -1.76145572e-01 -7.97055776e-01 9.21728615e+01
7.45852872e-01 2.84801816e-01 -6.02155643e-01 6.21686259e+01 3.32985681e-01 -9.42345366e-01 -3.32527733e-02 -4.37253583e+00 -5.76909030e-01 -1.75707530e-01 -7.97685925e-01 9.31258141e+01
8.93470675e-01 -2.21463640e-01 -3.90722420e-01 3.40038348e+01 2.57626621e-01 9.65332934e-01 4.19624892e-02 -6.79882478e-01 3.67884054e-01 -1.38152750e-01 9.19551597e-01 -7.23821174e+01
8.93724918e-01 -2.20919021e-01 -3.90449174e-01 3.45062045e+01 2.56872204e-01 9.65547138e-01 4.16580767e-02 -6.89751166e-01 3.67794021e-01 -1.37526401e-01 9.19681492e-01 -7.34850114e+01
8.94012459e-01 -2.21782728e-01 -3.89299557e-01 3.49797148e+01 2.57938692e-01 9.65227852e-01 4.24596882e-02 -7.34076449e-01 3.66345950e-01 -1.38374909e-01 9.20132072e-01 -7.46012320e+01
8.96430124e-01 -2.23048625e-01 -3.82965199e-01 3.53935704e+01 2.58942585e-01 9.64883142e-01 4.41504242e-02 -8.07301751e-01 3.59668973e-01 -1.38743769e-01 9.22707102e-01 -7.57404833e+01
8.80938993e-01 -2.89345692e-01 3.74467035e-01 4.87137565e+01 2.51503806e-01 9.56558061e-01 1.47453420e-01 -2.24095804e+01 -4.00864473e-01 -3.57175830e-02 9.15440838e-01 9.07126012e+01
8.80956469e-01 -2.94723190e-01 3.70207969e-01 4.84040701e+01 2.56266908e-01 9.54844014e-01 1.50333566e-01 -2.25566636e+01 -3.97797651e-01 -3.75652758e-02 9.16703812e-01 8.95482306e+01
8.80524031e-01 -2.96234979e-01 3.70030089e-01 4.79959282e+01 2.57603685e-01 9.54371567e-01 1.51047192e-01 -2.27095756e+01 -3.97891658e-01 -3.76795681e-02 9.16658322e-01 8.84140678e+01
8.79495781e-01 -2.94866339e-01 3.73551888e-01 4.75659990e+01 2.56809111e-01 9.54889406e-01 1.49115064e-01 -2.28230161e+01 -4.00669754e-01 -3.52145418e-02 9.15545567e-01 8.72839521e+01
8.79408870e-01 -2.93256188e-01 3.75021129e-01 4.71438374e+01 2.56126371e-01 9.55470353e-01 1.46545850e-01 -2.29512157e+01 -4.01297048e-01 -3.28209197e-02 9.15359747e-01 8.61530160e+01
8.78173687e-01 -2.92331672e-01 3.78620085e-01 4.67008370e+01 2.56076847e-01 9.55859922e-01 1.44071017e-01 -2.31036694e+01 -4.04024286e-01 -2.95635386e-02 9.14270405e-01 8.50318103e+01
8.76383176e-01 -2.90765140e-01 3.83937706e-01 4.62259366e+01 2.55242222e-01 9.56435780e-01 1.41710997e-01 -2.32524361e+01 -4.08416377e-01 -2.61960203e-02 9.12419767e-01 8.39202246e+01
8.74010327e-01 -2.88803049e-01 3.90766870e-01 4.57023942e+01 2.53643184e-01 9.57105144e-01 1.40053126e-01 -2.34131102e+01 -4.14452751e-01 -2.32925254e-02 9.09772705e-01 8.28266507e+01
8.69736432e-01 -2.91065865e-01 3.98546361e-01 4.51712571e+01 2.56235116e-01 9.56512220e-01 1.39384140e-01 -2.35714949e+01 -4.21784430e-01 -1.91058921e-02 9.06494821e-01 8.17340707e+01
8.71499094e-01 7.49718504e-02 4.84632387e-01 -7.63859899e+01 1.10565803e-02 -9.90997502e-01 1.33423020e-01 -7.30031280e+01 4.90272456e-01 -1.10919664e-01 -8.64482358e-01 5.04090417e+02
8.71217143e-01 7.63781953e-02 4.84919644e-01 -7.69328050e+01 1.19707461e-02 -9.90833648e-01 1.34556246e-01 -7.31859996e+01 4.90751863e-01 -1.11422858e-01 -8.64145564e-01 5.05163860e+02
8.73035973e-01 7.61947972e-02 4.81666424e-01 -7.75103722e+01 1.23470575e-02 -9.90855132e-01 1.34363903e-01 -7.33747405e+01 4.87499478e-01 -1.11357357e-01 -8.65992955e-01 5.06208775e+02
8.75416507e-01 7.11575929e-02 4.78103060e-01 -7.80914375e+01 8.75465831e-03 -9.91276860e-01 1.31504916e-01 -7.35745442e+01 4.83290073e-01 -1.10935946e-01 -8.68403087e-01 5.07244635e+02
8.76863204e-01 6.96306496e-02 4.75670574e-01 -7.85668674e+01 7.74029516e-03 -9.91371635e-01 1.30852473e-01 -7.37702131e+01 4.80677657e-01 -1.11057888e-01 -8.69836270e-01 5.08328622e+02
6.88120391e-01 7.25584738e-01 4.13704615e-03 -6.86880355e+01 4.03907544e-01 -3.78303457e-01 -8.32913675e-01 -8.90022646e+00 -6.02784392e-01 5.74815868e-01 -5.53387473e-01 6.07696952e+02
6.85198075e-01 7.28356749e-01 -2.08962058e-04 -6.86489877e+01 4.02437968e-01 -3.78830659e-01 -8.33385273e-01 -7.88916629e+00 -6.07080950e-01 5.70949891e-01 -5.52692448e-01 6.08329925e+02
6.81359385e-01 7.31946427e-01 -1.95351021e-03 -6.85447337e+01 4.03052500e-01 -3.77421474e-01 -8.33727601e-01 -6.89572838e+00 -6.10981236e-01 5.67280759e-01 -5.52172501e-01 6.08986084e+02
6.76434305e-01 7.36487740e-01 -4.73705463e-03 -6.85142154e+01 4.02675584e-01 -3.75211373e-01 -8.34906461e-01 -5.90043700e+00 -6.16675770e-01 5.62851876e-01 -5.50371476e-01 6.09652857e+02
6.73465205e-01 7.39163816e-01 -9.02610734e-03 -6.83285167e+01 4.00436448e-01 -3.75053968e-01 -8.36053331e-01 -4.84465801e+00 -6.21365648e-01 5.59438446e-01 -5.48573930e-01 6.10196684e+02
6.87156130e-01 7.26507909e-01 1.64685188e-03 -6.76427572e+01 3.99044033e-01 -3.75533359e-01 -8.36503769e-01 -3.88036006e+00 -6.07108156e-01 5.75465859e-01 -5.47958696e-01 6.09988750e+02
6.77916359e-01 7.35119301e-01 -5.38742896e-03 -6.77307148e+01 3.99592154e-01 -3.74629581e-01 -8.36647350e-01 -2.94263283e+00 -6.17053905e-01 5.65024150e-01 -5.47715426e-01 6.10728231e+02
6.66228922e-01 7.45631796e-01 -1.31243404e-02 -6.77785118e+01 4.01832613e-01 -3.73755516e-01 -8.35964931e-01 -2.02567851e+00 -6.28227328e-01 5.51670226e-01 -5.48625907e-01 6.11495063e+02
6.53211726e-01 7.56844837e-01 -2.23681351e-02 -6.77381345e+01 4.02971201e-01 -3.72500083e-01 -8.35977212e-01 -1.01283323e+00 -6.41037169e-01 5.37056403e-01 -5.48308096e-01 6.12131799e+02
2.75257005e-01 -5.02527820e-01 -8.19572676e-01 6.36565723e+01 1.40733573e-01 8.64383187e-01 -4.82737784e-01 3.13618593e+01 9.51014008e-01 1.75355654e-02 3.08650063e-01 1.06815063e+02
2.97961534e-01 -5.04648354e-01 -8.10277090e-01 6.46407715e+01 1.41543429e-01 8.62806519e-01 -4.85314711e-01 3.19287267e+01 9.44025626e-01 2.99157180e-02 3.28512813e-01 1.06441291e+02
-4.39836651e-01 -5.68464086e-01 -6.95264196e-01 5.72849778e+01 -7.00158845e-01 7.01877969e-01 -1.30938566e-01 1.52619805e+01 5.62424494e-01 4.29203797e-01 -7.06726814e-01 6.03846722e+01
-4.21309937e-01 -5.55967176e-01 -7.16518274e-01 5.81045284e+01 -7.01232403e-01 7.00721290e-01 -1.31387936e-01 1.53786178e+01 5.75126989e-01 4.47090788e-01 -6.85083041e-01 6.12491648e+01
-4.01071322e-01 -5.38371741e-01 -7.41146182e-01 5.89543013e+01 -7.01548819e-01 7.00774110e-01 -1.29402091e-01 1.56330125e+01 5.89042485e-01 4.68050761e-01 -6.58754458e-01 6.20588727e+01
-3.80031590e-01 -5.21645748e-01 -7.63846650e-01 5.97791314e+01 -7.02430905e-01 7.00038804e-01 -1.28594308e-01 1.57263416e+01 6.01802969e-01 4.87679594e-01 -6.32456955e-01 6.29299754e+01
-3.55084805e-01 -5.01833160e-01 -7.88719380e-01 6.07323561e+01 -7.03763685e-01 6.98842714e-01 -1.27810549e-01 1.59013738e+01 6.15330364e-01 5.09688473e-01 -6.01320383e-01 6.36426291e+01
-3.30409431e-01 -4.82914180e-01 -8.10939888e-01 6.16093603e+01 -7.05306417e-01 6.97277003e-01 -1.27857887e-01 1.58878565e+01 6.27194122e-01 5.29715655e-01 -5.70989368e-01 6.44651742e+01
8.84341071e-01 -3.22179667e-01 -3.37847793e-01 3.42089954e+01 2.04924545e-01 9.18139435e-01 -3.39154698e-01 2.51368133e+01 4.19460130e-01 2.30695124e-01 8.77970933e-01 -3.39269805e+01
9.03636272e-01 -3.10572779e-01 -2.94933954e-01 3.45164192e+01 2.03971325e-01 9.17564482e-01 -3.41278655e-01 2.55412769e+01 3.76612781e-01 2.48233702e-01 8.92492489e-01 -3.50186760e+01
9.20151819e-01 -2.98228223e-01 -2.53733240e-01 3.49358686e+01 2.03305359e-01 9.17689664e-01 -3.41339437e-01 2.59436078e+01 3.34645425e-01 2.62498776e-01 9.05045210e-01 -3.60704496e+01
9.34786916e-01 -2.84459807e-01 -2.12734668e-01 3.54902443e+01 2.01568581e-01 9.17936793e-01 -3.41704771e-01 2.63978622e+01 2.92478253e-01 2.76540524e-01 9.15413464e-01 -3.70358847e+01
9.48460196e-01 -2.69095756e-01 -1.67364065e-01 3.58212170e+01 2.00047318e-01 9.18023947e-01 -3.42363992e-01 2.68230038e+01 2.45772917e-01 2.91237887e-01 9.24541057e-01 -3.81094574e+01
9.59331007e-01 -2.53823508e-01 -1.23521847e-01 3.63106082e+01 1.98554423e-01 9.17784160e-01 -3.43872619e-01 2.73033539e+01 2.00649349e-01 3.05361856e-01 9.30856582e-01 -3.90984797e+01
9.68060676e-01 -2.39224575e-01 -7.50341909e-02 3.67125052e+01 2.00032667e-01 9.17386269e-01 -3.44077558e-01 2.77305226e+01 1.51147144e-01 3.18078664e-01 9.35938302e-01 -4.01529602e+01
9.75177913e-01 -2.20191996e-01 -2.33135763e-02 3.68473502e+01 1.98935575e-01 9.17503029e-01 -3.44402132e-01 2.81854556e+01 9.72248699e-02 3.31215452e-01 9.38532711e-01 -4.12665782e+01
9.79939784e-01 -1.97136893e-01 2.92415028e-02 3.69178713e+01 1.94892595e-01 9.17261913e-01 -3.47343432e-01 2.87034712e+01 4.16520883e-02 3.46074600e-01 9.37281961e-01 -4.23612583e+01
9.81605049e-01 -1.72916406e-01 8.09409892e-02 3.72703494e+01 1.90447882e-01 9.16700522e-01 -3.51268782e-01 2.91930201e+01 -1.34585117e-02 3.60222250e-01 9.32769424e-01 -4.34147243e+01
9.79777897e-01 -1.47762216e-01 1.34913303e-01 3.73205615e+01 1.87043178e-01 9.15855516e-01 -3.55279500e-01 2.97063441e+01 -7.10642067e-02 3.73329615e-01 9.24972906e-01 -4.45176982e+01
9.74530813e-01 -1.27873357e-01 1.84222959e-01 3.77769415e+01 1.87734917e-01 9.14531827e-01 -3.58311510e-01 3.02558129e+01 -1.22659264e-01 3.83770689e-01 9.15245739e-01 -4.55043149e+01
9.63710457e-01 -1.11226218e-01 2.42674441e-01 3.77436713e+01 1.95845376e-01 9.12325873e-01 -3.59591559e-01 3.07081597e+01 -1.81402163e-01 3.94068813e-01 9.01001124e-01 -4.66291696e+01
9.49795953e-01 -8.91757464e-02 2.99892205e-01 3.76136596e+01 1.99518702e-01 9.10966277e-01 -3.61016246e-01 3.12428550e+01 -2.40997792e-01 4.02725873e-01 8.83024312e-01 -4.77122824e+01
9.31936988e-01 -6.40966006e-02 3.56910459e-01 3.72655581e+01 2.01208267e-01 9.10238914e-01 -3.61912080e-01 3.17656347e+01 -3.01676455e-01 4.09092589e-01 8.61182077e-01 -4.87521813e+01
-1.40683869e-01 -9.85786455e-01 9.18319864e-02 -5.53582562e+00 -8.59458723e-01 1.67643678e-01 4.82935089e-01 -3.20388628e+01 -4.91465921e-01 -1.09846251e-02 -8.70827530e-01 1.17238066e+02
-1.70989944e-01 -9.84494555e-01 3.91523910e-02 -5.70257645e+00 -8.57423013e-01 1.68260541e-01 4.86327222e-01 -3.27768470e+01 -4.85374304e-01 4.95869032e-02 -8.72899149e-01 1.18196544e+02
