1.00000000e+00 0.00000000e+00 0.00000000e+00 0.00000000e+00 0.00000000e+00 1.00000000e+00 0.00000000e+00 0.00000000e+00 0.00000000e+00 0.00000000e+00 1.00000000e+00 0.00000000e+00
9.99998570e-01 1.58353758e-03 -5.92842403e-04 1.46773547e-01 -1.58242474e-03 9.99996994e-01 1.87292799e-03 -1.44176093e-02 5.95806473e-04 -1.87198719e-03 9.99998070e-01 -9.89065043e-01
9.99993579e-01 3.54876774e-03 -4.97661785e-04 2.98540936e-01 -3.54713754e-03 9.99988463e-01 3.23922404e-03 1.93916609e-02 5.09151297e-04 -3.23743797e-03 9.99994630e-01 -2.05023276e+00
9.99989392e-01 4.43792125e-03 1.23329081e-03 3.56120788e-01 -4.44286941e-03 9.99981974e-01 4.03880707e-03 5.23918464e-02 -1.21534467e-03 -4.04424357e-03 9.99991083e-01 -3.17315476e+00
9.99967324e-01 8.04501127e-03 -7.93236426e-04 7.30865777e-01 -8.03989731e-03 9.99948134e-01 6.25213110e-03 1.34390983e-02 8.43493749e-04 -6.24554926e-03 9.99980141e-01 -4.27074493e+00
9.99938992e-01 1.09784735e-02 -1.21846111e-03 9.10331300e-01 -1.09671959e-02 9.99900201e-01 8.90551814e-03 -2.35877037e-02 1.31610850e-03 -8.89161174e-03 9.99959603e-01 -5.43954491e+00
9.99913780e-01 1.29081116e-02 -2.41107497e-03 1.16121729e+00 -1.28825169e-02 9.99863498e-01 1.03453266e-02 -7.69580217e-02 2.54428448e-03 -1.03133739e-02 9.99943579e-01 -6.60980617e+00
9.99913156e-01 1.29944417e-02 -2.19655669e-03 1.25321273e+00 -1.29719833e-02 9.99866386e-01 9.94678966e-03 -7.98082873e-02 2.32551618e-03 -9.91743215e-03 9.99948117e-01 -7.81443351e+00
9.99909115e-01 1.34395465e-02 -1.06825556e-03 1.25274870e+00 -1.34278874e-02 9.99857201e-01 1.02600665e-02 -6.91586122e-02 1.20599366e-03 -1.02447896e-02 9.99946794e-01 -9.03041099e+00
9.99904948e-01 1.32589963e-02 -3.78082528e-03 1.48462584e+00 -1.32056403e-02 9.99817510e-01 1.38042879e-02 -1.18934331e-01 3.96316631e-03 -1.37530476e-02 9.99897568e-01 -1.02289082e+01
9.99928404e-01 1.18494297e-02 -1.66695001e-03 1.57813608e+00 -1.18179588e-02 9.99772287e-01 1.77682344e-02 -1.34286703e-01 1.87711387e-03 -1.77472623e-02 9.99840743e-01 -1.14482769e+01
9.99944133e-01 1.00707791e-02 -3.21091252e-03 1.77809321e+00 -9.99711121e-03 9.99703831e-01 2.21880149e-02 -1.97174704e-01 3.43341214e-03 -2.21546754e-02 9.99748659e-01 -1.26532572e+01
9.99959389e-01 8.28266396e-03 -3.55210690e-03 1.87958718e+00 -8.20172348e-03 9.99719331e-01 2.22259285e-02 -2.22494167e-01 3.73519983e-03 -2.21958925e-02 9.99746663e-01 -1.38723859e+01
9.99981803e-01 6.03134824e-03 1.26089302e-04 1.74061974e+00 -6.03254023e-03 9.99877505e-01 1.44423980e-02 -1.84105942e-01 -3.89667251e-05 -1.44428958e-02 9.99895695e-01 -1.50866360e+01
9.99990381e-01 4.30386049e-03 8.44960546e-04 1.77712878e+00 -4.30728255e-03 9.99982356e-01 4.09080180e-03 -1.87207937e-01 -8.27339398e-04 -4.09440194e-03 9.99991276e-01 -1.63075913e+01
9.99992601e-01 3.57979083e-03 1.40824139e-03 1.80491445e+00 -3.57599868e-03 9.99989998e-01 -2.68618621e-03 -1.56213037e-01 -1.41784329e-03 2.68113047e-03 9.99995401e-01 -1.75261025e+01
9.99967081e-01 3.67121353e-04 8.10570983e-03 1.53457883e+00 -3.60647463e-04 9.99999615e-01 -8.00129924e-04 -1.44015696e-01 -8.10600045e-03 7.97180281e-04 9.99966828e-01 -1.87123334e+01
9.99960379e-01 -2.31742276e-03 8.59478890e-03 1.52950725e+00 2.26109866e-03 9.99975945e-01 6.55722218e-03 -1.36786042e-01 -8.60977801e-03 -6.53752871e-03 9.99941565e-01 -1.99241900e+01
9.99943059e-01 -1.48250828e-03 1.05679290e-02 1.50032444e+00 1.35659797e-03 9.99928134e-01 1.19116067e-02 -1.31027317e-01 -1.05848286e-02 -1.18965920e-02 9.99873208e-01 -2.11326978e+01
9.99948924e-01 1.66397896e-03 9.96900585e-03 1.62382921e+00 -1.76504308e-03 9.99947055e-01 1.01376275e-02 -1.53433199e-01 -9.95160924e-03 -1.01547054e-02 9.99898919e-01 -2.23326300e+01
9.99943330e-01 2.93300400e-03 1.02339476e-02 1.66191492e+00 -2.94175729e-03 9.99995320e-01 8.40371038e-04 -1.41935190e-01 -1.02314349e-02 -8.70429205e-04 9.99947279e-01 -2.35415827e+01
9.99933090e-01 3.71022146e-03 1.09566913e-02 1.62925723e+00 -3.63543483e-03 9.99970014e-01 -6.83770550e-03 -1.11953776e-01 -1.09817321e-02 6.79741565e-03 9.99916595e-01 -2.47516037e+01
9.99747126e-01 8.02571127e-03 2.10064950e-02 1.10351632e+00 -7.83226656e-03 9.99926313e-01 -9.27493592e-03 -1.15771513e-01 -2.10793850e-02 9.10806205e-03 9.99736317e-01 -2.58417985e+01
9.99734161e-01 1.02302210e-02 2.06627896e-02 1.10783459e+00 -1.00608236e-02 9.99915061e-01 -8.28556911e-03 -9.19359335e-02 -2.07457977e-02 8.07548180e-03 9.99752169e-01 -2.70487354e+01
9.99727544e-01 1.09715768e-02 2.06024916e-02 1.06268557e+00 -1.08545141e-02 9.99924352e-01 -5.78523077e-03 -7.76088845e-02 -2.06644062e-02 5.56002451e-03 9.99771008e-01 -2.82515486e+01
9.99821882e-01 8.50910422e-03 1.68463298e-02 1.09496624e+00 -8.46749489e-03 9.99960925e-01 -2.53972559e-03 -3.39022448e-02 -1.68672823e-02 2.39662701e-03 9.99854865e-01 -2.94550065e+01
9.99777972e-01 1.19165062e-02 1.73782287e-02 1.06361975e+00 -1.19731110e-02 9.99923337e-01 3.15682255e-03 -3.73045197e-02 -1.73392782e-02 -3.36419311e-03 9.99844004e-01 -3.06605723e+01
9.99711552e-01 1.57040573e-02 1.81712641e-02 9.67128196e-01 -1.58822437e-02 9.99826783e-01 9.70352996e-03 -4.75901056e-02 -1.80157318e-02 -9.98933144e-03 9.99787801e-01 -3.18630023e+01
9.99738710e-01 1.51936132e-02 1.70782493e-02 9.82532864e-01 -1.54557041e-02 9.99763171e-01 1.53207003e-02 -6.05770611e-02 -1.68414279e-02 -1.55806535e-02 9.99736770e-01 -3.30680802e+01
9.99756815e-01 1.38500852e-02 1.71606102e-02 9.99018683e-01 -1.41224131e-02 9.99774624e-01 1.58511259e-02 -6.31807268e-02 -1.69372031e-02 -1.60896203e-02 9.99727090e-01 -3.42690457e+01
9.99699108e-01 1.25635055e-02 2.10677691e-02 9.48821964e-01 -1.28645981e-02 9.99816165e-01 1.42175169e-02 -4.16027054e-02 -2.08852742e-02 -1.44842674e-02 9.99676953e-01 -3.54655481e+01
9.99725092e-01 1.04896706e-02 2.09692183e-02 9.33523122e-01 -1.08110635e-02 9.99824917e-01 1.52727388e-02 -3.68791433e-02 -2.08053409e-02 -1.54952397e-02 9.99663461e-01 -3.66603114e+01
9.99766976e-01 7.58576570e-03 2.02101319e-02 9.41674023e-01 -7.94292218e-03 9.99812661e-01 1.76508845e-02 -5.01478095e-02 -2.00724503e-02 -1.78072989e-02 9.99639934e-01 -3.78544380e+01
9.99811318e-01 4.66314930e-03 1.88569241e-02 9.90666350e-01 -5.01329621e-03 9.99815102e-01 1.85641731e-02 -7.35589567e-02 -1.87668700e-02 -1.86552058e-02 9.99649833e-01 -3.90404346e+01
9.99807415e-01 4.11301000e-03 1.91889657e-02 9.45981807e-01 -4.46610582e-03 9.99820831e-01 1.83945632e-02 -8.04368162e-02 -1.91098706e-02 -1.84767206e-02 9.99646649e-01 -4.02326141e+01
9.99827686e-01 2.70914961e-03 1.83646081e-02 9.80816810e-01 -3.05592316e-03 9.99817067e-01 1.88810214e-02 -9.94471700e-02 -1.83100971e-02 -1.89338888e-02 9.99653064e-01 -4.14389968e+01
9.99744066e-01 2.67669715e-03 2.24641240e-02 8.78157216e-01 -3.09584864e-03 9.99821379e-01 1.86447189e-02 -1.03959009e-01 -2.24102052e-02 -1.87094926e-02 9.99573778e-01 -4.26440151e+01
9.99755352e-01 3.28305441e-03 2.18736572e-02 8.39045315e-01 -3.66996767e-03 9.99837103e-01 1.76719514e-02 -1.15233444e-01 -2.18120761e-02 -1.77479036e-02 9.99604544e-01 -4.38535839e+01
9.99545908e-01 1.76661112e-03 3.00808351e-02 6.76618049e-01 -2.26907096e-03 9.99858342e-01 1.66777195e-02 -1.38109460e-01 -3.00471109e-02 -1.67384019e-02 9.99408323e-01 -4.50481198e+01
9.99529201e-01 1.46479818e-03 3.06468549e-02 6.33203045e-01 -1.93768232e-03 9.99879441e-01 1.54060989e-02 -1.36447008e-01 -3.06205933e-02 -1.54582296e-02 9.99411538e-01 -4.62430074e+01
9.99504659e-01 1.66605903e-03 3.14270568e-02 6.07827336e-01 -2.19604591e-03 9.99855835e-01 1.68370612e-02 -1.46685359e-01 -3.13944746e-02 -1.68977364e-02 9.99364225e-01 -4.74255408e+01
9.99540331e-01 6.87511588e-04 3.03093162e-02 6.26375151e-01 -1.23149899e-03 9.99838435e-01 1.79328493e-02 -1.53201926e-01 -3.02920902e-02 -1.79619320e-02 9.99379687e-01 -4.86049097e+01
9.99513071e-01 9.04796250e-04 3.11897864e-02 5.69200729e-01 -1.43725563e-03 9.99853547e-01 1.70534046e-02 -1.58612214e-01 -3.11697887e-02 -1.70899285e-02 9.99367990e-01 -4.97800987e+01
9.98991074e-01 3.28523447e-03 4.47888620e-02 2.93160152e-01 -4.30503725e-03 9.99733241e-01 2.26917058e-02 -1.19448915e+00 -4.47023665e-02 -2.28616293e-02 9.98738727e-01 -5.83688984e+01
9.97724079e-01 -2.61384694e-03 6.73782574e-02 -1.14756146e+00 1.77788336e-03 9.99920741e-01 1.24640019e-02 -4.45078029e-01 -6.74054960e-02 -1.23158442e-02 9.97649647e-01 -6.64510355e+01
9.98370262e-01 -1.56266187e-02 5.48874179e-02 1.14051289e+00 1.29816693e-02 9.98752429e-01 4.82188974e-02 -4.34272839e+00 -5.55724403e-02 -4.74277830e-02 9.97327584e-01 -7.17192723e+01
9.99823266e-01 -1.69855448e-02 8.05782626e-03 6.89601977e+00 1.64324331e-02 9.97792144e-01 6.43491437e-02 -6.11823504e+00 -9.13304101e-03 -6.42053614e-02 9.97894914e-01 -7.51016839e+01
9.98780675e-01 -1.33983619e-02 -4.75147031e-02 1.36160999e+01 1.69986957e-02 9.96947836e-01 7.61974853e-02 -7.41279598e+00 4.63487590e-02 -7.69122638e-02 9.95959987e-01 -7.79832499e+01
9.99243727e-01 -3.51387749e-02 -1.66505702e-02 9.97443482e+00 3.60570045e-02 9.97636150e-01 5.84978998e-02 -5.10319916e+00 1.45556663e-02 -5.90540291e-02 9.98148663e-01 -7.88565968e+01
9.99302433e-01 1.71402764e-02 3.31791990e-02 4.25498699e+00 -1.99980921e-02 9.95936345e-01 8.78115801e-02 -9.18425571e+00 -3.15392554e-02 -8.84138463e-02 9.95584385e-01 -7.97562436e+01
9.98422650e-01 -3.88185505e-03 5.60102103e-02 1.57814694e+00 6.00289970e-05 9.97680180e-01 6.80753655e-02 -6.71077592e+00 -5.61445354e-02 -6.79646246e-02 9.96106722e-01 -8.09836952e+01
9.96592282e-01 -6.37638574e-03 8.22384667e-02 -1.50184323e+00 1.21518229e-03 9.98034384e-01 6.26569430e-02 -6.14172909e+00 -8.24763422e-02 -6.23434910e-02 9.94641112e-01 -8.18352688e+01
9.93352713e-01 -1.05957074e-02 1.14621634e-01 -5.31991931e+00 3.92817793e-03 9.98294877e-01 5.82400897e-02 -5.56161423e+00 -1.15043285e-01 -5.74026970e-02 9.91700546e-01 -8.25329549e+01
9.87923315e-01 -1.58751300e-02 1.54128205e-01 -1.00071291e+01 7.48715255e-03 9.98466491e-01 5.48507833e-02 -4.97489530e+00 -1.54762612e-01 -5.30343863e-02 9.86527186e-01 -8.32552243e+01
9.82436540e-01 -2.69383884e-02 1.84642272e-01 -1.36469871e+01 2.00325473e-02 9.99031913e-01 3.91654802e-02 -2.86071087e+00 -1.85518577e-01 -3.47787438e-02 9.82025100e-01 -8.37403006e+01
9.50260245e-01 -4.15139332e-02 3.08677922e-01 -2.85215050e+01 4.07044337e-02 9.99130113e-01 9.06451482e-03 9.58344380e-01 -3.08785710e-01 3.95091193e-03 9.51123428e-01 -8.44163087e+01
9.90355260e-01 -1.94273900e-02 1.37182492e-01 -7.98077827e+00 1.29650630e-02 9.98770629e-01 4.78449409e-02 -4.07769681e+00 -1.37943346e-01 -4.56049092e-02 9.89389623e-01 -8.41373802e+01
9.91472674e-01 -1.37691774e-02 1.29585289e-01 -7.06596148e+00 9.58418702e-03 9.99413890e-01 3.28636655e-02 -2.41997402e+00 -1.29961843e-01 -3.13414567e-02 9.91023528e-01 -8.47981838e+01
9.99917658e-01 -1.17970889e-02 5.05039231e-03 7.62519070e+00 1.14411286e-02 9.97787039e-01 6.54990516e-02 -6.29017449e+00 -5.81191412e-03 -6.54358761e-02 9.97839851e-01 -8.27596685e+01
9.99736431e-01 5.70649950e-03 2.22374703e-02 5.62041251e+00 -8.09588654e-03 9.94021166e-01 1.08887000e-01 -1.15716075e+01 -2.14831525e-02 -1.09038333e-01 9.93805371e-01 -8.33607517e+01
9.99373872e-01 -2.44906566e-02 2.55357132e-02 5.15275668e+00 2.35062646e-02 9.98995048e-01 3.81621603e-02 -2.85214728e+00 -2.64446674e-02 -3.75380167e-02 9.98945232e-01 -8.39164890e+01
9.93754264e-01 1.73203916e-02 1.10238225e-01 -4.70081317e+00 -1.28910289e-02 9.99085535e-01 -4.07666006e-02 6.23391397e+00 -1.10843509e-01 3.90908991e-02 9.93068788e-01 -8.68954165e+01
9.99816465e-01 -1.42985456e-03 1.91047475e-02 5.93714755e+00 -2.54923232e-04 9.96129780e-01 8.78942343e-02 -8.77710676e+00 -1.91564839e-02 -8.78829729e-02 9.95946591e-01 -8.41100083e+01
9.99697196e-01 -5.74774620e-03 2.39265389e-02 5.39919592e+00 2.95266459e-03 9.93331578e-01 1.15254751e-01 -1.18560001e+01 -2.44294417e-02 -1.15149204e-01 9.93047765e-01 -8.49298272e+01
9.97345603e-01 -4.62295903e-03 7.26661932e-02 -3.48934177e-01 9.09332801e-04 9.98695404e-01 5.10555005e-02 -4.19562195e+00 -7.28074206e-02 -5.08539012e-02 9.96048674e-01 -8.69038309e+01
9.96493266e-01 -1.35872672e-02 8.25624399e-02 -1.52668716e+00 1.11347606e-02 9.99485080e-01 3.00930648e-02 -1.76944603e+00 -8.29288093e-02 -2.90682234e-02 9.96131443e-01 -8.72075983e+01
9.97358455e-01 -4.51812739e-03 7.24962016e-02 -3.18727692e-01 1.94950906e-03 9.99369096e-01 3.54627896e-02 -2.62137816e+00 -7.26106888e-02 -3.52277810e-02 9.96738025e-01 -8.80162641e+01
9.97847851e-01 -8.57244970e-04 6.55662316e-02 5.08781450e-01 -1.43778381e-03 9.99388097e-01 3.49480189e-02 -2.73419352e+00 -6.55560704e-02 -3.49670757e-02 9.97236033e-01 -8.87832755e+01
9.96553604e-01 -5.66832401e-03 8.27573850e-02 -1.49362812e+00 3.64274402e-03 9.99690574e-01 2.46066306e-02 -1.51719343e+00 -8.28712560e-02 -2.42203625e-02 9.96265893e-01 -8.89456376e+01
9.97477069e-01 -1.30777490e-03 7.09773659e-02 -1.11801338e-01 -1.16754746e-03 9.99392844e-01 3.48221249e-02 -2.64883741e+00 -7.09798111e-02 -3.48171405e-02 9.96869918e-01 -8.93341328e+01
9.95997691e-01 3.00988545e-02 8.41585318e-02 -1.56195201e+00 -3.32462784e-02 9.98789558e-01 3.62505713e-02 -3.02672607e+00 -8.29655621e-02 -3.89034433e-02 9.95792768e-01 -9.00937344e+01
9.96107412e-01 2.92979890e-02 8.31363432e-02 -1.40933971e+00 -3.33853491e-02 9.98279233e-01 4.82077941e-02 -4.26208362e+00 -8.15808935e-02 -5.07956769e-02 9.95371467e-01 -9.08633695e+01
9.96020100e-01 6.57106050e-03 8.88863453e-02 -2.33309926e+00 -1.09729530e-02 9.98732356e-01 4.91251040e-02 -4.13296652e+00 -8.84508650e-02 -4.99049366e-02 9.94829604e-01 -8.54862344e+01
9.91515592e-01 -3.24264685e-03 1.29947360e-01 -7.21997909e+00 -2.55033011e-03 9.99011102e-01 4.43882220e-02 -3.47357964e+00 -1.29962791e-01 -4.43430229e-02 9.90526814e-01 -8.69385830e+01
9.95013353e-01 2.99837535e-02 9.51283483e-02 -2.84771396e+00 -3.48921945e-02 9.98121380e-01 5.03611603e-02 -4.52668900e+00 -9.34396216e-02 -5.34292638e-02 9.94190299e-01 -9.17845142e+01
9.97397343e-01 2.44681743e-02 6.78221790e-02 3.46061315e-01 -2.62037984e-02 9.99348445e-01 2.48203025e-02 -1.49674485e+00 -6.71706816e-02 -2.65329025e-02 9.97388643e-01 -9.25978465e+01
9.95538115e-01 2.07105930e-03 9.43375436e-02 -2.80660342e+00 -5.92899213e-03 9.99156544e-01 4.06330825e-02 -3.16275065e+00 -9.41738206e-02 -4.10111089e-02 9.94710702e-01 -9.20497002e+01
9.96986825e-01 1.32158518e-02 7.64369859e-02 -8.57122476e-01 -1.98688322e-02 9.96015000e-01 8.69445224e-02 -8.83803830e+00 -7.49833385e-02 -8.82012569e-02 9.93276415e-01 -8.77999378e+01
9.96211166e-01 -1.05113995e-02 8.63297379e-02 -2.01069625e+00 9.86988382e-03 9.99920443e-01 7.85447534e-03 6.16212842e-01 -8.64054313e-02 -6.97265155e-03 9.96235657e-01 -8.86604591e+01
9.96299854e-01 1.24278524e-03 8.59363529e-02 -1.92924414e+00 -4.96419024e-03 9.99058254e-01 4.31040769e-02 -3.66243250e+00 -8.58018536e-02 -4.33711899e-02 9.95367762e-01 -8.91023804e+01
9.96437896e-01 -3.51876906e-03 8.42563818e-02 -1.71623925e+00 1.49116794e-03 9.99708067e-01 2.41155094e-02 -1.42896744e+00 -8.43166414e-02 -2.39039671e-02 9.96152250e-01 -8.98085250e+01
9.96273607e-01 9.06059831e-04 8.62442974e-02 -1.91974932e+00 -3.97318960e-03 9.99365387e-01 3.53982720e-02 -2.75226734e+00 -8.61574927e-02 -3.56090291e-02 9.95644959e-01 -8.99697749e+01
9.96350896e-01 2.06744986e-03 8.53265356e-02 -1.80098582e+00 -7.91812048e-03 9.97634317e-01 6.82866995e-02 -6.50929396e+00 -8.49835008e-02 -6.87131400e-02 9.94010216e-01 -9.01985222e+01
9.99263992e-01 7.43638765e-03 3.76320809e-02 3.83342532e+00 -1.02290541e-02 9.97163301e-01 7.45702212e-02 -7.20266663e+00 -3.69707970e-02 -7.49002775e-02 9.96505448e-01 -9.06515593e+01
9.94023900e-01 -2.53451649e-03 1.09133236e-01 -4.56905184e+00 -4.34920541e-03 9.98017152e-01 6.27921000e-02 -5.81387163e+00 -1.09075989e-01 -6.28914910e-02 9.92041879e-01 -9.07545554e+01
9.97603064e-01 -2.00083830e-03 6.91673596e-02 1.42246379e-01 -1.46603837e-03 9.98746342e-01 5.00359465e-02 -4.40126404e+00 -6.91807612e-02 -5.00174155e-02 9.96349477e-01 -9.12305485e+01
9.97288934e-01 -1.79343617e-02 7.13662475e-02 -1.09290798e-01 1.70801507e-02 9.99775210e-01 1.25617495e-02 4.45860252e-02 -7.15754921e-02 -1.13087475e-02 9.97371075e-01 -9.22917799e+01
9.98992330e-01 1.27909830e-02 4.30199382e-02 3.26658931e+00 -1.66685301e-02 9.95709654e-01 9.10189242e-02 -9.43395223e+00 -4.16711463e-02 -9.16442863e-02 9.94919515e-01 -9.13572307e+01
9.99229928e-01 1.18032132e-02 3.74197213e-02 3.93920138e+00 -1.51967343e-02 9.95666835e-01 9.17420994e-02 -9.45659349e+00 -3.61747239e-02 -9.22401090e-02 9.95079470e-01 -9.12868053e+01
9.97791895e-01 8.10308118e-03 6.59217232e-02 6.22821135e-01 -1.16273982e-02 9.98513226e-01 5.32554332e-02 -4.91008880e+00 -6.53921794e-02 -5.39043378e-02 9.96402622e-01 -9.18229215e+01
9.99271094e-01 1.39848510e-02 3.55204925e-02 4.18233059e+00 -1.62382374e-02 9.97820081e-01 6.39640913e-02 -6.19184744e+00 -3.45485324e-02 -6.44942577e-02 9.97319853e-01 -9.17900924e+01
9.96257237e-01 5.96411522e-03 8.62319432e-02 -1.74433568e+00 -1.07091418e-02 9.98447106e-01 5.46689110e-02 -5.07687831e+00 -8.57719824e-02 -5.53877683e-02 9.94774026e-01 -9.18624966e+01
9.96759299e-01 2.64092005e-03 8.03985466e-02 -1.04659513e+00 -9.80299985e-04 9.99785514e-01 -2.06873203e-02 3.74068039e+00 -8.04359358e-02 2.05414642e-02 9.96548096e-01 -9.22623361e+01
9.98702797e-01 9.32106996e-03 5.00583655e-02 2.52683469e+00 -1.20104573e-02 9.98485103e-01 5.36958758e-02 -5.05290362e+00 -4.94820292e-02 -5.42274452e-02 9.97301816e-01 -9.26804456e+01
9.98314128e-01 3.43739578e-02 4.67689377e-02 2.98092531e+00 -3.93911282e-02 9.93042903e-01 1.10969058e-01 -1.20044191e+01 -4.26291159e-02 -1.12624260e-01 9.92722788e-01 -9.20776824e+01
9.98373105e-01 3.39162978e-02 4.58347827e-02 3.16564613e+00 -3.89230286e-02 9.92812831e-01 1.13171024e-01 -1.22470397e+01 -4.16670182e-02 -1.14770936e-01 9.92517754e-01 -9.25721847e+01
9.97197986e-01 1.31272903e-02 7.36468007e-02 -5.48409778e-02 -1.71031819e-02 9.98415054e-01 5.36177309e-02 -5.07285837e+00 -7.28262190e-02 -5.47270879e-02 9.95841999e-01 -9.34571824e+01
9.98781806e-01 2.07613121e-02 4.47646347e-02 3.40142320e+00 -2.55994011e-02 9.93561053e-01 1.10368039e-01 -1.18121380e+01 -4.21850123e-02 -1.11379537e-01 9.92882180e-01 -9.11582339e+01
9.98400290e-01 1.96867554e-02 5.30027508e-02 2.52122575e+00 -2.56878808e-02 9.93029034e-01 1.15036820e-01 -1.22904513e+01 -5.03685687e-02 -1.16214323e-01 9.91946187e-01 -9.34401889e+01
9.97446821e-01 1.24067925e-02 7.03271763e-02 5.59208988e-01 -1.81203442e-02 9.96533410e-01 8.11961580e-02 -8.38034450e+00 -6.90759970e-02 -8.22632022e-02 9.94213897e-01 -9.14421474e+01
9.96521052e-01 1.14877254e-02 8.25458983e-02 -8.03008325e-01 -1.71344409e-02 9.97536286e-01 6.80277065e-02 -6.84712057e+00 -8.15610452e-02 -6.92054194e-02 9.94262745e-01 -9.19052910e+01
9.97126430e-01 4.13054181e-02 6.35038938e-02 1.54599315e+00 -4.77785438e-02 9.93423986e-01 1.04048041e-01 -1.12970255e+01 -5.87885435e-02 -1.06783175e-01 9.92542826e-01 -9.35627161e+01
9.99896091e-01 5.55670864e-03 1.33014954e-02 7.41217467e+00 -6.71493778e-03 9.96037720e-01 8.86778969e-02 -9.20570471e+00 -1.27560339e-02 -8.87580012e-02 9.95971536e-01 -9.19031964e+01
9.95663543e-01 3.43390613e-02 8.64577198e-02 -1.02206213e+00 -4.35051612e-02 9.93363476e-01 1.06472085e-01 -1.16322710e+01 -8.22277897e-02 -1.09771730e-01 9.90549725e-01 -9.21029746e+01
9.92795185e-01 1.19897684e-03 1.19817711e-01 -4.94502779e+00 1.46949437e-04 9.99937002e-01 -1.12236496e-02 2.56853097e+00 -1.19823619e-01 1.11603924e-02 9.92732464e-01 -9.48895516e+01
9.93353707e-01 8.73680441e-03 1.14769684e-01 -4.27293362e+00 -1.80364029e-02 9.96612236e-01 8.02417601e-02 -8.20287460e+00 -1.13679815e-01 -8.17784822e-02 9.90146039e-01 -9.26512283e+01
9.91706628e-01 -3.24046232e-02 1.24370030e-01 -5.41812749e+00 3.18688401e-02 9.99472232e-01 6.29557711e-03 9.39987047e-01 -1.24508397e-01 -2.27983696e-03 9.92215935e-01 -9.28707786e+01
9.90100986e-01 -3.91934883e-02 1.34773544e-01 -6.60855682e+00 3.89633194e-02 9.99231190e-01 4.34606827e-03 1.29435458e+00 -1.34840266e-01 9.48178152e-04 9.90866895e-01 -9.27913056e+01
9.95536173e-01 -6.94194717e-03 9.41251221e-02 -1.75259483e+00 -1.50172351e-03 9.95999997e-01 8.93406484e-02 -8.94099299e+00 -9.43688193e-02 -8.90831971e-02 9.91543600e-01 -9.26825237e+01
9.93641933e-01 -2.21820242e-02 1.10379647e-01 -3.70547742e+00 2.09299957e-02 9.99702938e-01 1.24888365e-02 2.10504146e-01 -1.10623885e-01 -1.00991861e-02 9.93811030e-01 -9.31168556e+01
9.93261503e-01 -3.99491868e-02 1.08791767e-01 -3.59787527e+00 3.43643442e-02 9.98017063e-01 5.27355150e-02 -4.42547056e+00 -1.10682781e-01 -4.86415992e-02 9.92664756e-01 -9.20856902e+01
9.97827957e-01 -3.79336865e-02 5.38553875e-02 2.69321274e+00 3.21833392e-02 9.94067612e-01 1.03893293e-01 -1.04299766e+01 -5.74769521e-02 -1.01934386e-01 9.93129287e-01 -9.26667412e+01
9.98487193e-01 2.54147542e-03 5.49260034e-02 2.48048058e+00 -8.47591921e-03 9.94105673e-01 1.08083627e-01 -1.13291139e+01 -5.43275597e-02 -1.08385666e-01 9.92623324e-01 -9.24846892e+01
9.99238198e-01 -1.96096956e-02 3.37414086e-02 4.67216811e+00 1.62670057e-02 9.95186679e-01 9.66377680e-02 -9.84852294e+00 -3.54740376e-02 -9.60152775e-02 9.94747535e-01 -9.23171617e+01
9.93561569e-01 -8.99203281e-02 6.89183748e-02 7.13978956e-02 8.81644292e-02 9.95709061e-01 2.81158224e-02 -1.31491194e+00 -7.11508342e-02 -2.18586514e-02 9.97226032e-01 -9.11700862e+01
9.97276836e-01 -3.83182158e-02 6.30129117e-02 6.21558654e-01 3.97301431e-02 9.98983220e-01 -2.13082813e-02 4.06636656e+00 -6.21323461e-02 2.37537674e-02 9.97785212e-01 -9.30925462e+01
9.99212252e-01 -7.17752459e-03 -3.90302217e-02 1.22831029e+01 1.03621101e-02 9.96577384e-01 8.20130803e-02 -8.17952347e+00 3.83079854e-02 -8.23529101e-02 9.95866706e-01 -9.34755900e+01
9.99390942e-01 3.43844231e-02 -5.95455051e-03 8.29020732e+00 -3.35428296e-02 9.93603349e-01 1.07829788e-01 -1.14558078e+01 9.62412639e-03 -1.07564381e-01 9.94151538e-01 -9.57777597e+01
9.99060049e-01 2.65202417e-02 -3.42884076e-02 1.10994648e+01 -2.32869721e-02 9.95534516e-01 9.14808430e-02 -9.38269569e+00 3.65613873e-02 -9.05963823e-02 9.95216339e-01 -9.56639023e+01
9.96643225e-01 -2.70182881e-02 7.72806225e-02 -2.45562325e+00 3.10415675e-02 9.98198581e-01 -5.13421220e-02 7.80099011e+00 -7.57542314e-02 5.35686897e-02 9.95686543e-01 -9.67029989e+01
9.95494956e-01 3.04402023e-02 -8.97952446e-02 1.65020201e+01 -2.14679050e-02 9.94831477e-01 9.92444569e-02 -1.01181285e+01 9.23521571e-02 -9.68696405e-02 9.91003205e-01 -9.49963229e+01
9.96223669e-01 1.65437170e-02 -8.52332453e-02 1.54614665e+01 -1.36563656e-02 9.99316616e-01 3.43482948e-02 -2.44341061e+00 8.57432467e-02 -3.30546079e-02 9.95768793e-01 -9.62043384e+01
9.87310974e-01 4.58401928e-02 -1.52038537e-01 2.25256862e+01 -3.01962311e-02 9.94155081e-01 1.03652604e-01 -1.06388605e+01 1.55901339e-01 -9.77463628e-02 9.82924423e-01 -9.42115663e+01
9.91168300e-01 -8.57156241e-03 -1.32332648e-01 1.88414072e+01 1.60426912e-02 9.98330092e-01 5.54946823e-02 -4.63386049e+00 1.31635988e-01 -5.71275417e-02 9.89650651e-01 -9.25856213e+01
9.85730000e-01 1.74560592e-03 -1.68325042e-01 2.27740460e+01 1.24331415e-02 9.96460015e-01 8.31435832e-02 -7.82561808e+00 1.67874309e-01 -8.40499334e-02 9.82218827e-01 -9.38932958e+01
9.74926035e-01 -6.17348711e-02 2.13794368e-01 -2.34083936e+01 4.76756251e-02 9.96385358e-01 7.03082762e-02 -6.01460336e+00 -2.17362050e-01 -5.83525888e-02 9.74345275e-01 -9.46047656e+01
9.26717726e-01 1.36025544e-01 -3.50273191e-01 4.24439634e+01 -9.41927457e-02 9.86508740e-01 1.33896348e-01 -1.46124052e+01 3.63760888e-01 -9.10909251e-02 9.27027756e-01 -8.73392173e+01
9.07783728e-01 1.37848289e-01 -3.96139561e-01 4.29092786e+01 -9.15522380e-02 9.86799267e-01 1.33586654e-01 -1.47533053e+01 4.09324920e-01 -8.50003279e-02 9.08420637e-01 -8.84234589e+01
8.88780867e-01 1.41459227e-01 -4.35956256e-01 4.31042937e+01 -9.19570422e-02 9.86874633e-01 1.32749243e-01 -1.48766341e+01 4.49012775e-01 -7.78957398e-02 8.90123464e-01 -8.95434945e+01
8.66684472e-01 1.45726331e-01 -4.77097330e-01 4.34639196e+01 -9.35972916e-02 9.86898976e-01 1.31415214e-01 -1.49617068e+01 4.89997524e-01 -6.92405076e-02 8.68969608e-01 -9.06023709e+01
8.40539715e-01 1.50273347e-01 -5.20491026e-01 4.39737894e+01 -9.43281771e-02 9.86679173e-01 1.32538314e-01 -1.50787521e+01 5.33474631e-01 -6.23067467e-02 8.43518042e-01 -9.15896952e+01
8.15000110e-01 1.53670829e-01 -5.58712894e-01 4.43464166e+01 -9.39011533e-02 9.86474888e-01 1.34349797e-01 -1.51591563e+01 5.71801884e-01 -5.70313146e-02 8.18407010e-01 -9.26365299e+01
7.85431043e-01 1.55320464e-01 -5.99144081e-01 4.48829776e+01 -9.13175029e-02 9.86487961e-01 1.36024321e-01 -1.52556914e+01 6.12175783e-01 -5.21253828e-02 7.89001746e-01 -9.36056393e+01
7.53789528e-01 1.54600622e-01 -6.38670490e-01 4.54546739e+01 -8.66215010e-02 9.86825994e-01 1.36642499e-01 -1.53434661e+01 6.51381657e-01 -4.76770886e-02 7.57250838e-01 -9.45548764e+01
7.19080228e-01 1.52490175e-01 -6.77989950e-01 4.60735769e+01 -8.08394389e-02 9.87359227e-01 1.36333199e-01 -1.54763426e+01 6.90209107e-01 -4.32261807e-02 7.22317718e-01 -9.54669368e+01
3.22116658e-01 -9.44390053e-01 -6.60930110e-02 -9.80167309e+13 -9.26157444e-01 -2.99893386e-01 -2.28683944e-01 9.76118343e+13 1.96145985e-01 1.34875442e-01 -9.71254533e-01 1.01931917e+15
3.07656047e-01 -9.51417484e-01 -1.23501941e-02 -9.80167309e+13 -9.26269432e-01 -2.96504477e-01 -2.32615637e-01 9.76118343e+13 2.17652696e-01 8.30052145e-02 -9.72490328e-01 1.01931917e+15
2.90612282e-01 -9.56137877e-01 3.66723568e-02 -9.80167309e+13 -9.27839509e-01 -2.90961478e-01 -2.33356518e-01 9.76118343e+13 2.33791248e-01 3.37902085e-02 -9.71699477e-01 1.01931917e+15
2.75055289e-01 -9.57380809e-01 8.81281660e-02 -9.80167309e+13 -9.28577234e-01 -2.88295271e-01 -2.33730951e-01 9.76118343e+13 2.49176461e-01 -1.75448742e-02 -9.68299163e-01 1.01931917e+15
2.61142038e-01 -9.55062608e-01 1.40215014e-01 -9.80167309e+13 -9.29089586e-01 -2.88091764e-01 -2.31938952e-01 9.76118343e+13 2.61911011e-01 -6.97032991e-02 -9.62571593e-01 1.01931917e+15
2.44675693e-01 -9.49648106e-01 1.95709682e-01 -9.80167309e+13 -9.29899571e-01 -2.86996323e-01 -2.30043255e-01 9.76118343e+13 2.74628100e-01 -1.25704356e-01 -9.53298391e-01 1.01931917e+15
2.30358329e-01 -9.41125998e-01 2.47420485e-01 -9.80167309e+13 -9.31197224e-01 -2.87006536e-01 -2.24719778e-01 9.76118343e+13 2.82500922e-01 -1.78631197e-01 -9.42488262e-01 1.01931917e+15
2.14903033e-01 -9.29244186e-01 3.00536070e-01 -9.80167309e+13 -9.31157911e-01 -2.87763566e-01 -2.23913095e-01 9.76118343e+13 2.94553273e-01 -2.31726936e-01 -9.27114338e-01 1.01931917e+15
2.01943081e-01 -9.14533220e-01 3.50496763e-01 -9.80167309e+13 -9.29448076e-01 -2.91779419e-01 -2.25811967e-01 9.76118343e+13 3.08780287e-01 -2.80167378e-01 -9.08933977e-01 1.01931917e+15
-9.85283738e-01 1.70754507e-01 -7.67168336e-03 -1.78940401e+01 1.33794441e-01 7.98394138e-01 5.87082488e-01 -6.16352306e+01 1.06372008e-01 5.77416399e-01 -8.09490764e-01 1.43728888e+02
-9.88604590e-01 1.46722149e-01 3.36686198e-02 -1.77146058e+01 1.38593286e-01 7.99814905e-01 5.84027413e-01 -6.24222926e+01 5.87610934e-02 5.82038425e-01 -8.11035391e-01 1.44623975e+02
-9.89185236e-01 1.27814770e-01 7.19441007e-02 -1.76191750e+01 1.45692123e-01 7.99659756e-01 5.82510154e-01 -6.31442825e+01 1.69225995e-02 5.86692133e-01 -8.09633230e-01 1.45579971e+02
-9.88054270e-01 1.13071987e-01 1.04706662e-01 -1.74882904e+01 1.53052538e-01 7.99326409e-01 5.81078491e-01 -6.38424853e+01 -1.79911009e-02 5.90162705e-01 -8.07083826e-01 1.46549252e+02
-9.86348103e-01 9.85502980e-02 1.31928992e-01 -1.75451316e+01 1.57370272e-01 8.00054037e-01 5.78919801e-01 -6.45749244e+01 -4.84976037e-02 5.91778149e-01 -8.04640668e-01 1.47504832e+02
-9.84902721e-01 8.07977038e-02 1.53095924e-01 -1.75953831e+01 1.55823017e-01 7.99027631e-01 5.80752987e-01 -6.53023054e+01 -7.54043657e-02 5.95841065e-01 -7.99554630e-01 1.48467367e+02
-9.83944348e-01 5.92395117e-02 1.68357357e-01 -1.76819104e+01 1.48205738e-01 7.96783313e-01 5.85808341e-01 -6.60029747e+01 -9.94413330e-02 6.01354332e-01 -7.92770073e-01 1.49449015e+02
-9.82060000e-01 4.04188232e-02 1.84185979e-01 -1.79007744e+01 1.43386803e-01 7.94428703e-01 5.90189173e-01 -6.67075304e+01 -1.22467877e-01 6.06011018e-01 -7.85972178e-01 1.50412918e+02
-9.78461762e-01 2.95993507e-02 2.04295026e-01 -1.81362437e+01 1.47432908e-01 7.92902875e-01 5.91243239e-01 -6.74190728e+01 -1.44485698e-01 6.08628712e-01 -7.80189063e-01 1.51370637e+02
-9.74300856e-01 2.25850933e-02 2.24115498e-01 -1.83151639e+01 1.53910913e-01 7.93220187e-01 5.89163106e-01 -6.81008368e+01 -1.64466633e-01 6.08515939e-01 -7.76311199e-01 1.52366673e+02
-9.70522362e-01 1.61668366e-02 2.40468248e-01 -1.85468793e+01 1.58371726e-01 7.94872888e-01 5.85743535e-01 -6.88385226e+01 -1.81672071e-01 6.06560571e-01 -7.74002282e-01 1.53319680e+02
-9.67693199e-01 7.98142562e-03 2.52004303e-01 -1.88744858e+01 1.57966349e-01 7.98202614e-01 5.81308197e-01 -6.95702296e+01 -1.96510825e-01 6.02336188e-01 -7.73676038e-01 1.54260023e+02
-9.65952133e-01 -1.55691125e-03 2.58716162e-01 -1.92308312e+01 1.53617100e-01 8.01179043e-01 5.78371791e-01 -7.02956444e+01 -2.08178441e-01 5.98422692e-01 -7.73661437e-01 1.55206184e+02
-9.64340351e-01 -4.19338588e-03 2.64632013e-01 -1.95535925e+01 1.55221231e-01 8.00900125e-01 5.78329802e-01 -7.10108855e+01 -2.14368972e-01 5.98783271e-01 -7.71689405e-01 1.56183592e+02
-9.62572609e-01 -5.66927564e-04 2.71023339e-01 -1.98785424e+01 1.62550346e-01 7.98967706e-01 5.78988765e-01 -7.17319417e+01 -2.16867140e-01 6.01373664e-01 -7.68972275e-01 1.57162843e+02
-9.62564815e-01 2.56147658e-04 2.71051491e-01 -2.02359371e+01 1.63597944e-01 7.97860575e-01 5.80219110e-01 -7.24365692e+01 -2.16112677e-01 6.02841967e-01 -7.68034422e-01 1.58144662e+02
-9.63219098e-01 3.99977753e-04 2.68716968e-01 -2.05746855e+01 1.62397084e-01 7.97590719e-01 5.80927045e-01 -7.31515811e+01 -2.14093802e-01 6.03198876e-01 -7.68319569e-01 1.59120088e+02
-9.64108962e-01 -3.41577417e-03 2.65484919e-01 -2.09832841e+01 1.57410021e-01 7.97880915e-01 5.81900447e-01 -7.38550287e+01 -2.13812991e-01 6.02805423e-01 -7.68706464e-01 1.60075739e+02
-9.64397077e-01 -3.65241132e-03 2.64433238e-01 -2.13755402e+01 1.56152780e-01 7.99123681e-01 5.80532215e-01 -7.46053529e+01 -2.13435205e-01 6.01155556e-01 -7.70102208e-01 1.61004548e+02
-9.64888557e-01 -3.00807568e-03 2.62642388e-01 -2.16504217e+01 1.55336291e-01 7.99792053e-01 5.79830413e-01 -7.53469354e+01 -2.11803468e-01 6.00269625e-01 -7.71242937e-01 1.61979364e+02
-9.64966094e-01 -2.01501664e-03 2.62366874e-01 -2.20032224e+01 1.55999583e-01 7.99615256e-01 5.79896174e-01 -7.60692362e+01 -2.10961055e-01 6.00509269e-01 -7.71287269e-01 1.62935876e+02
-9.65218352e-01 -4.36195279e-03 2.61408698e-01 -2.24283332e+01 1.53769353e-01 7.99166689e-01 5.81108931e-01 -7.67821767e+01 -2.11443893e-01 6.01093650e-01 -7.70699620e-01 1.63875532e+02
-9.65240480e-01 -4.16605680e-03 2.61330172e-01 -2.27738352e+01 1.54182636e-01 7.98285225e-01 5.82209940e-01 -7.74938046e+01 -2.11041535e-01 6.02265177e-01 -7.69894881e-01 1.64852810e+02
-9.64954363e-01 -4.54428022e-03 2.62378406e-01 -2.31224228e+01 1.55048231e-01 7.96791008e-01 5.84024088e-01 -7.81964162e+01 -2.11714723e-01 6.04237899e-01 -7.68162377e-01 1.65833784e+02
-9.64765962e-01 -7.51521302e-03 2.63002207e-01 -2.35218929e+01 1.53468602e-01 7.95860666e-01 5.85707426e-01 -7.89183486e+01 -2.13714828e-01 6.05433169e-01 -7.66665931e-01 1.66779595e+02
-9.64594099e-01 -9.20892528e-03 2.63578109e-01 -2.38965124e+01 1.52719134e-01 7.95289041e-01 5.86678965e-01 -7.96359976e+01 -2.15023464e-01 6.06160488e-01 -7.65724736e-01 1.67729899e+02
-9.63784832e-01 -8.00948777e-03 2.66560772e-01 -2.42604052e+01 1.55986195e-01 7.93796369e-01 5.87839800e-01 -8.03479830e+01 -2.16303269e-01 6.08130884e-01 -7.63799531e-01 1.68682126e+02
-9.63339634e-01 -7.94548453e-03 2.68167147e-01 -2.46049421e+01 1.57354555e-01 7.92845596e-01 5.88757509e-01 -8.10661728e+01 -2.17293105e-01 6.09370765e-01 -7.62529329e-01 1.69629601e+02
-9.63381403e-01 -1.06796774e-02 2.67922034e-01 -2.49315121e+01 1.55280618e-01 7.92378477e-01 5.89935826e-01 -8.17719439e+01 -2.18595977e-01 6.09936303e-01 -7.61704342e-01 1.70583602e+02
-9.63913392e-01 -1.23838087e-02 2.65927836e-01 -2.51987665e+01 1.51702374e-01 7.95309817e-01 5.86914546e-01 -8.24936587e+01 -2.18763256e-01 6.06076675e-01 -7.64731130e-01 1.71539848e+02
-9.63556938e-01 -1.22465316e-02 2.67222846e-01 -2.55372810e+01 1.51542483e-01 7.98202947e-01 5.83015378e-01 -8.32056892e+01 -2.20437979e-01 6.02264126e-01 -7.67258118e-01 1.72480196e+02
-9.63383128e-01 -1.15467159e-02 2.67879864e-01 -2.58201591e+01 1.52228188e-01 7.98887963e-01 5.81897415e-01 -8.39125200e+01 -2.20725003e-01 6.01369018e-01 -7.67877449e-01 1.73437116e+02
-9.63689975e-01 -1.64351477e-02 2.66517389e-01 -2.61759928e+01 1.48008638e-01 7.97867839e-01 5.84380317e-01 -8.46166315e+01 -2.22250030e-01 6.02608328e-01 -7.66464694e-01 1.74369382e+02
-9.63851691e-01 -1.95852771e-02 2.65718525e-01 -2.65308337e+01 1.45947307e-01 7.95556397e-01 5.88038607e-01 -8.53237174e+01 -2.22910972e-01 6.05562909e-01 -7.63939960e-01 1.75310844e+02
-9.63908101e-01 -2.24000759e-02 2.65291180e-01 -2.69074430e+01 1.44495015e-01 7.92910589e-01 5.91957759e-01 -8.60412805e+01 -2.23612085e-01 6.08926132e-01 -7.61056240e-01 1.76242829e+02
8.69750323e-01 3.34111850e-01 3.63185418e-01 -2.18897958e+01 2.32119918e-01 -9.26430087e-01 2.96391020e-01 -4.83631427e+01 4.35493650e-01 -1.73483616e-01 -8.83316883e-01 2.19437575e+02
8.69301049e-01 3.36290330e-01 3.62249224e-01 -2.23206099e+01 2.33624630e-01 -9.25392739e-01 2.98442307e-01 -4.87591316e+01 4.35586063e-01 -1.74805870e-01 -8.83010583e-01 2.20528901e+02
8.70125181e-01 3.34473154e-01 3.61952867e-01 -2.27580906e+01 2.34893186e-01 -9.27110545e-01 2.92046620e-01 -4.91680148e+01 4.33252074e-01 -1.69096856e-01 -8.85267696e-01 2.21610150e+02
8.71525305e-01 3.30762102e-01 3.61994578e-01 -2.32019546e+01 2.36576593e-01 -9.30264116e-01 2.80428584e-01 -4.95162653e+01 4.29505714e-01 -1.58761163e-01 -8.88999288e-01 2.22703797e+02
8.71753553e-01 3.30559591e-01 3.61629782e-01 -2.36390811e+01 2.38854030e-01 -9.31185839e-01 2.75393690e-01 -4.98606321e+01 4.27778558e-01 -1.53698697e-01 -8.90720055e-01 2.23797989e+02
8.71974035e-01 3.31077893e-01 3.60622673e-01 -2.40536776e+01 2.36950175e-01 -9.30028090e-01 2.80895651e-01 -5.02239383e+01 4.28387555e-01 -1.59484108e-01 -8.89409310e-01 2.24888647e+02
8.72828955e-01 3.28766491e-01 3.60669113e-01 -2.44777628e+01 2.31475323e-01 -9.29508123e-01 2.87112911e-01 -5.06005194e+01 4.29637975e-01 -1.67114463e-01 -8.87402934e-01 2.25968143e+02
8.72853476e-01 3.27325824e-01 3.61917967e-01 -2.48693600e+01 2.28671359e-01 -9.29552370e-01 2.89208922e-01 -5.09643168e+01 4.31087252e-01 -1.69676739e-01 -8.86213058e-01 2.27065595e+02
8.72737326e-01 3.28088674e-01 3.61507098e-01 -2.53021630e+01 2.29678679e-01 -9.29375201e-01 2.88980000e-01 -5.13404766e+01 4.30786797e-01 -1.69173160e-01 -8.86455401e-01 2.28140717e+02
8.71675124e-01 3.31106702e-01 3.61318183e-01 -2.57471126e+01 2.32796747e-01 -9.28512909e-01 2.89256724e-01 -5.17197343e+01 4.31263438e-01 -1.68024193e-01 -8.86442168e-01 2.29221264e+02
6.76991790e-01 -3.25829026e-01 6.59937544e-01 9.19582845e+02 -4.58507929e-01 5.14691896e-01 7.24474107e-01 -2.69080318e+04 -5.75719199e-01 -7.93049619e-01 1.99046995e-01 1.30952130e+05
6.78526963e-01 -3.24134288e-01 6.59195058e-01 9.18784685e+02 -4.58206924e-01 5.14641696e-01 7.24700172e-01 -2.69089205e+04 -5.74149436e-01 -7.93776347e-01 2.00677692e-01 1.30951853e+05
6.82364917e-01 -3.24245364e-01 6.55166440e-01 9.17965939e+02 -4.54801406e-01 5.13361223e-01 7.27747165e-01 -2.69097868e+04 -5.72305689e-01 -7.94559752e-01 2.02832441e-01 1.30951551e+05
6.84563024e-01 -3.24024094e-01 6.52979213e-01 9.17146020e+02 -4.53235067e-01 5.12380911e-01 7.29413309e-01 -2.69106681e+04 -5.70921571e-01 -7.95282458e-01 2.03897943e-01 1.30951279e+05
6.87361836e-01 -3.23567595e-01 6.50259731e-01 9.16354956e+02 -4.50364796e-01 5.12521198e-01 7.31090673e-01 -2.69115598e+04 -5.69829147e-01 -7.95377918e-01 2.06564057e-01 1.30950972e+05
6.89566856e-01 -3.22437359e-01 6.48484156e-01 9.15545138e+02 -4.48351756e-01 5.13136523e-01 7.31895902e-01 -2.69124386e+04 -5.68751487e-01 -7.95440166e-01 2.09276583e-01 1.30950681e+05
6.91758527e-01 -3.21474090e-01 6.46625510e-01 9.14749696e+02 -4.47051493e-01 5.12574237e-01 7.33084315e-01 -2.69133237e+04 -5.67111190e-01 -7.96192226e-01 2.10862128e-01 1.30950375e+05
6.93164373e-01 -3.20749036e-01 6.45479053e-01 9.13944383e+02 -4.46817731e-01 5.11480876e-01 7.33989938e-01 -2.69141987e+04 -5.65576757e-01 -7.97187161e-01 2.11223965e-01 1.30950103e+05
6.94777201e-01 -3.18794048e-01 6.44713111e-01 9.13178395e+02 -4.47611654e-01 5.09986884e-01 7.34545564e-01 -2.69151014e+04 -5.62963984e-01 -7.98926613e-01 2.11631328e-01 1.30949817e+05
6.95705264e-01 -3.15102971e-01 6.45526377e-01 9.12435158e+02 -4.49093098e-01 5.10575257e-01 7.33231407e-01 -2.69160182e+04 -5.60633190e-01 -8.00014390e-01 2.13699325e-01 1.30949526e+05
6.94803501e-01 -3.13132228e-01 6.47453707e-01 9.11651514e+02 -4.51366688e-01 5.11019521e-01 7.31523862e-01 -2.69169089e+04 -5.59925180e-01 -8.00504376e-01 2.13720696e-01 1.30949284e+05
6.96526451e-01 -3.13438312e-01 6.45451259e-01 9.10848972e+02 -4.49384536e-01 5.10716534e-01 7.32954406e-01 -2.69177711e+04 -5.59378621e-01 -8.00577945e-01 2.14873244e-01 1.30948995e+05
6.97970127e-01 -3.13980916e-01 6.43625424e-01 9.10052283e+02 -4.47307559e-01 5.10719865e-01 7.34221470e-01 -2.69186374e+04 -5.59243819e-01 -8.00363170e-01 2.16021173e-01 1.30948721e+05
1.06451142e-02 -3.39927374e-01 9.40391441e-01 -1.16277539e+02 6.45790136e-02 -9.38247707e-01 -3.39883495e-01 3.32507161e+01 9.97855818e-01 6.43476502e-02 1.19644205e-02 6.69474299e+01
8.40054618e-03 -3.36080441e-01 9.41795821e-01 -1.17435442e+02 6.38584356e-02 -9.39726312e-01 -3.35911534e-01 3.36132477e+01 9.97923610e-01 6.29634482e-02 1.35673569e-02 6.69585901e+01
7.98415356e-03 -3.37123446e-01 9.41426596e-01 -1.18587771e+02 6.71741072e-02 -9.39149150e-01 -3.36877594e-01 3.40053644e+01 9.97709323e-01 6.59291735e-02 1.51476555e-02 6.69533897e+01
-3.38961432e-02 -9.47946505e-01 -3.16620397e-01 -4.77562677e+12 5.17195505e-01 2.54446394e-01 -8.17169409e-01 -2.96379794e+12 8.55195803e-01 -1.91453537e-01 4.81648920e-01 4.64565918e+13
-3.42512704e-02 -9.47767600e-01 -3.17117371e-01 -4.77562677e+12 5.19027101e-01 2.54290369e-01 -8.16055927e-01 -2.96379794e+12 8.54071261e-01 -1.92543462e-01 4.83207302e-01 4.64565918e+13
-3.16131587e-02 -9.47390302e-01 -3.18515657e-01 -4.77562677e+12 5.20142500e-01 2.56529378e-01 -8.14643761e-01 -2.96379794e+12 8.53494222e-01 -1.91426993e-01 4.84668257e-01 4.64565918e+13
-3.07161109e-02 -9.46907837e-01 -3.20034480e-01 -4.77562677e+12 5.20141983e-01 2.58273339e-01 -8.14092869e-01 -2.96379794e+12 8.53527292e-01 -1.91469136e-01 4.84593367e-01 4.64565918e+13
-3.06118832e-02 -9.46541173e-01 -3.21127266e-01 -4.77562677e+12 5.19963764e-01 2.59303785e-01 -8.13879126e-01 -2.96379794e+12 8.53639617e-01 -1.91888915e-01 4.84229334e-01 4.64565918e+13
-3.30207041e-02 -9.47629342e-01 -3.17660610e-01 -4.77562677e+12 5.19898194e-01 2.55161732e-01 -8.15229022e-01 -2.96379794e+12 8.53589773e-01 -1.92070614e-01 4.84245164e-01 4.64565918e+13
-3.48731089e-02 -9.48667598e-01 -3.14346394e-01 -4.77562677e+12 5.19927045e-01 2.51399178e-01 -8.16378785e-01 -2.96379794e+12 8.53498526e-01 -1.91906858e-01 4.84470870e-01 4.64565918e+13
-3.42738383e-02 -9.48575128e-01 -3.14691166e-01 -4.77562677e+12 5.18272032e-01 2.52359395e-01 -8.17134528e-01 -2.96379794e+12 8.54528762e-01 -1.91101967e-01 4.82970634e-01 4.64565918e+13
-3.30802568e-02 -9.47680411e-01 -3.17502024e-01 -4.77562677e+12 5.18708206e-01 2.55263598e-01 -8.15954835e-01 -2.96379794e+12 8.54311123e-01 -1.91682901e-01 4.83125420e-01 4.64565918e+13
-3.73693493e-02 -9.47459702e-01 -3.17684821e-01 -4.77562677e+12 5.17691717e-01 2.53566063e-01 -8.17128838e-01 -2.96379794e+12 8.54750734e-01 -1.94998373e-01 4.81016441e-01 4.64565918e+13
-4.43373545e-02 -9.47551304e-01 -3.16513389e-01 -4.77562677e+12 5.17262117e-01 2.49275813e-01 -8.18719410e-01 -2.96379794e+12 8.54677777e-01 -2.00020238e-01 4.79080163e-01 4.64565918e+13
-4.50073353e-02 -9.44812309e-01 -3.24505840e-01 -4.77562677e+12 5.20730832e-01 2.55025476e-01 -8.14740086e-01 -2.96379794e+12 8.52533718e-01 -2.05649476e-01 4.80514882e-01 4.64565918e+13
-4.96391675e-02 -9.42911186e-01 -3.29324229e-01 -4.77562677e+12 5.22969147e-01 2.56377599e-01 -8.12879940e-01 -2.96379794e+12 8.50904944e-01 -2.12577095e-01 4.80387089e-01 4.64565918e+13
-5.48384641e-02 -9.40956581e-01 -3.34056066e-01 -4.77562677e+12 5.24380845e-01 2.57569025e-01 -8.11592833e-01 -2.96379794e+12 8.49716113e-01 -2.19679106e-01 4.79294917e-01 4.64565918e+13
-6.24875920e-02 -9.40641988e-01 -3.33598487e-01 -4.77562677e+12 5.23633720e-01 2.53653604e-01 -8.13306569e-01 -2.96379794e+12 8.49648767e-01 -2.25504986e-01 4.76701661e-01 4.64565918e+13
-6.73968167e-02 -9.39681761e-01 -3.35344387e-01 -4.77562677e+12 5.22248275e-01 2.53160160e-01 -8.14350461e-01 -2.96379794e+12 8.50126113e-01 -2.30017656e-01 4.73684989e-01 4.64565918e+13
-7.30278242e-02 -9.39947723e-01 -3.33414479e-01 -4.77562677e+12 5.22263089e-01 2.48763529e-01 -8.15694779e-01 -2.96379794e+12 8.49651812e-01 -2.33698491e-01 4.72733343e-01 4.64565918e+13
-7.82701338e-02 -9.39585262e-01 -3.33246637e-01 -4.77562677e+12 5.21769686e-01 2.46225807e-01 -8.16779803e-01 -2.96379794e+12 8.49488188e-01 -2.37807458e-01 4.70974980e-01 4.64565918e+13
-7.97913353e-02 -9.38600482e-01 -3.35652317e-01 -4.77562677e+12 5.19337936e-01 2.48271291e-01 -8.17709896e-01 -2.96379794e+12 8.50835737e-01 -2.39563146e-01 4.67640940e-01 4.64565918e+13
-7.95759793e-02 -9.37643062e-01 -3.38368368e-01 -4.77562677e+12 5.16753330e-01 2.51470134e-01 -8.18369579e-01 -2.96379794e+12 8.52428097e-01 -2.39975542e-01 4.64519192e-01 4.64565918e+13
-7.93081242e-02 -9.36736169e-01 -3.40933382e-01 -4.77562677e+12 5.15247595e-01 2.54261376e-01 -8.18456516e-01 -2.96379794e+12 8.53364012e-01 -2.40575356e-01 4.62486066e-01 4.64565918e+13
-8.04241629e-02 -9.36357357e-01 -3.41711652e-01 -4.77562677e+12 5.15165784e-01 2.54436369e-01 -8.18453633e-01 -2.96379794e+12 8.53308953e-01 -2.41861600e-01 4.61916440e-01 4.64565918e+13
-7.79060943e-02 -9.35619159e-01 -3.44307173e-01 -4.77562677e+12 5.19738100e-01 2.56598321e-01 -8.14880120e-01 -2.96379794e+12 8.50766095e-01 -2.42433684e-01 4.66286351e-01 4.64565918e+13
-7.51991832e-02 -9.34128626e-01 -3.48925196e-01 -4.77562677e+12 5.23011985e-01 2.60974455e-01 -8.11388191e-01 -2.96379794e+12 8.49001499e-01 -2.43507789e-01 4.68935402e-01 4.64565918e+13
-7.20522810e-02 -9.32071866e-01 -3.55035921e-01 -4.77562677e+12 5.26938158e-01 2.66656308e-01 -8.06988594e-01 -2.96379794e+12 8.46843933e-01 -2.45227343e-01 4.71931037e-01 4.64565918e+13
-7.36615362e-02 -9.32242010e-01 -3.54258117e-01 -4.77562677e+12 5.27375188e-01 2.65079150e-01 -8.07222680e-01 -2.96379794e+12 8.46433334e-01 -2.46288203e-01 4.72115167e-01 4.64565918e+13
-2.05833893e-01 9.76884796e-01 5.76931927e-02 -2.56800142e+02 8.03017914e-01 1.34917066e-01 5.80482226e-01 -3.32373689e+02 5.59280465e-01 1.65811584e-01 -8.12226496e-01 1.84088004e+03
-2.04686783e-01 9.77111367e-01 5.79370127e-02 -2.56859053e+02 8.00544630e-01 1.33052775e-01 5.84316056e-01 -3.33069364e+02 5.63233180e-01 1.65982938e-01 -8.09455403e-01 1.84186602e+03
-2.06054955e-01 9.76803557e-01 5.82766306e-02 -2.56883818e+02 7.98596299e-01 1.33448503e-01 5.86886231e-01 -3.33779427e+02 5.65495629e-01 1.67470318e-01 -8.07569431e-01 1.84284633e+03
-2.06020530e-01 9.76762292e-01 5.90844047e-02 -2.56926692e+02 7.98334511e-01 1.32855762e-01 5.87376672e-01 -3.34489230e+02 5.65877681e-01 1.68180773e-01 -8.07154061e-01 1.84382555e+03
-2.12235971e-01 9.75527736e-01 5.74589327e-02 -2.56955642e+02 7.97628169e-01 1.38962127e-01 5.86923190e-01 -3.35172749e+02 5.64575235e-01 1.70397076e-01 -8.07601164e-01 1.84483033e+03
-2.14828950e-01 9.74901640e-01 5.84406870e-02 -2.57010975e+02 7.97801037e-01 1.40658218e-01 5.86283866e-01 -3.35870884e+02 5.63348939e-01 1.72574788e-01 -8.07994997e-01 1.84582655e+03
-2.10661035e-01 9.75588544e-01 6.20396755e-02 -2.57077367e+02 7.99221843e-01 1.35338236e-01 5.85600553e-01 -3.36598506e+02 5.62908851e-01 1.72946682e-01 -8.08222167e-01 1.84680019e+03
-2.10364801e-01 9.75544660e-01 6.37123690e-02 -2.57127567e+02 7.99365000e-01 1.34122917e-01 5.85684761e-01 -3.37328472e+02 5.62816353e-01 1.74136896e-01 -8.08030998e-01 1.84776726e+03
-9.65991785e-01 1.12068771e-01 -2.33024595e-01 1.88312666e+01 -6.03013526e-02 -9.73984739e-01 -2.18443301e-01 -1.46206995e+01 -2.51443072e-01 -1.96962736e-01 9.47619155e-01 1.62433341e+02
6.00723442e-01 5.93465284e-01 5.35658756e-01 3.05951200e+02 3.48520197e-01 -7.97412337e-01 4.92612664e-01 -9.77301614e+02 7.19489415e-01 -1.09236080e-01 -6.85858922e-01 6.70656464e+03
6.00071163e-01 5.93080726e-01 5.36814541e-01 3.05330210e+02 3.49257593e-01 -7.97966043e-01 4.91191743e-01 -9.77904228e+02 7.19676131e-01 -1.07263446e-01 -6.85974358e-01 6.70741781e+03
5.98180056e-01 5.95201835e-01 5.36577484e-01 3.04701395e+02 3.51253155e-01 -7.96574831e-01 4.92026179e-01 -9.78514182e+02 7.20279003e-01 -1.05845713e-01 -6.85561699e-01 6.70826196e+03
5.96690135e-01 5.95721417e-01 5.37658699e-01 3.04076393e+02 3.52130030e-01 -7.96425393e-01 4.91641165e-01 -9.79088538e+02 7.21086212e-01 -1.04031659e-01 -6.84990576e-01 6.70914412e+03
5.96049421e-01 5.97316689e-01 5.36598417e-01 3.03406861e+02 3.52574357e-01 -7.95112016e-01 4.93445241e-01 -9.79723647e+02 7.21398926e-01 -1.04926908e-01 -6.84524604e-01 6.70995915e+03
5.94458445e-01 5.99097230e-01 5.36378286e-01 3.02776156e+02 3.52345927e-01 -7.93650924e-01 4.95954190e-01 -9.80330756e+02 7.22821904e-01 -1.05833452e-01 -6.82881963e-01 6.71082242e+03
5.91604440e-01 6.02707693e-01 5.35488211e-01 3.02159754e+02 3.53109940e-01 -7.90797803e-01 4.99952203e-01 -9.80974879e+02 7.24787939e-01 -1.06687733e-01 -6.80661568e-01 6.71167147e+03
5.90253472e-01 6.02198701e-01 5.37547732e-01 3.01523654e+02 3.52352957e-01 -7.91345279e-01 4.99619898e-01 -9.81579318e+02 7.26256313e-01 -1.05495846e-01 -6.79280792e-01 6.71253349e+03
5.89088501e-01 6.01611155e-01 5.39480079e-01 3.00896441e+02 3.52186952e-01 -7.92021420e-01 4.98664637e-01 -9.82192262e+02 7.27281987e-01 -1.03759759e-01 -6.78450311e-01 6.71339076e+03
5.87338204e-01 6.02476082e-01 5.40422432e-01 3.00240240e+02 3.53800941e-01 -7.91678263e-01 4.98066684e-01 -9.82814507e+02 7.27913957e-01 -1.01331626e-01 -6.78139494e-01 6.71422059e+03
5.86264812e-01 6.02177671e-01 5.41918465e-01 2.99596608e+02 3.55906615e-01 -7.92374587e-01 4.95452315e-01 -9.83442916e+02 7.27752741e-01 -9.75938914e-02 -6.78860354e-01 6.71505650e+03
5.86630150e-01 6.00469031e-01 5.43416976e-01 2.98958302e+02 3.57239144e-01 -7.94060782e-01 4.91780102e-01 -9.84052247e+02 7.26804830e-01 -9.43632202e-02 -6.80331038e-01 6.71590320e+03
5.85299007e-01 6.00515893e-01 5.44798802e-01 2.98329761e+02 3.59625301e-01 -7.94474661e-01 4.89366586e-01 -9.84662435e+02 7.26701256e-01 -9.05023432e-02 -6.80965939e-01 6.71675417e+03
5.86920565e-01 5.96942416e-01 5.46977150e-01 2.97696891e+02 3.57690717e-01 -7.97248238e-01 4.86263917e-01 -9.85220786e+02 7.26348127e-01 -8.97496438e-02 -6.81442147e-01 6.71762962e+03
5.89769336e-01 5.91702315e-01 5.49600310e-01 2.97035666e+02 3.53097550e-01 -8.00996833e-01 4.83452370e-01 -9.85803480e+02 7.26287994e-01 -9.10628600e-02 -6.81332008e-01 6.71847114e+03
5.90253702e-01 5.91052690e-01 5.49779305e-01 2.96369204e+02 3.51328355e-01 -8.01291017e-01 4.84253129e-01 -9.86406360e+02 7.26752333e-01 -9.26791430e-02 -6.80618559e-01 6.71929912e+03
5.90952180e-01 5.91003100e-01 5.49081831e-01 2.95700381e+02 3.50066124e-01 -8.01092617e-01 4.85493902e-01 -9.87016141e+02 7.26793802e-01 -9.46887310e-02 -6.80297592e-01 6.72012275e+03
5.91916152e-01 5.91327317e-01 5.47692682e-01 2.95058466e+02 3.48582786e-01 -8.00495496e-01 4.87541795e-01 -9.87619459e+02 7.26722307e-01 -9.76676225e-02 -6.79952737e-01 6.72096727e+03
5.93274706e-01 5.90323493e-01 5.47305487e-01 2.94411200e+02 3.46028723e-01 -8.00876966e-01 4.88733269e-01 -9.88201787e+02 7.26835089e-01 -1.00569668e-01 -6.79408931e-01 6.72182071e+03
5.94548133e-01 5.89532339e-01 5.46776133e-01 2.93791836e+02 3.42855277e-01 -8.00977447e-01 4.90800762e-01 -9.88809930e+02 7.27298272e-01 -1.04339595e-01 -6.78343919e-01 6.72267284e+03
5.93874407e-01 5.90618199e-01 5.46336281e-01 2.93172460e+02 3.44207249e-01 -8.00281869e-01 4.90989103e-01 -9.89379326e+02 7.27210120e-01 -1.03532954e-01 -6.78561986e-01 6.72354560e+03
5.95037311e-01 5.91149046e-01 5.44493713e-01 2.92483053e+02 3.47752644e-01 -8.00158216e-01 4.88686942e-01 -9.90038623e+02 7.24567938e-01 -1.01437836e-01 -6.81697637e-01 6.72430807e+03
5.96075195e-01 5.91253902e-01 5.43243210e-01 2.91835333e+02 3.52464378e-01 -8.00584548e-01 4.84595960e-01 -9.90646076e+02 7.21431372e-01 -9.73817515e-02 -6.85604529e-01 6.72514861e+03
5.95844220e-01 5.93995926e-01 5.40498386e-01 2.91165093e+02 3.57654622e-01 -7.98854955e-01 4.83646494e-01 -9.91231332e+02 7.19063861e-01 -9.48662215e-02 -6.88438496e-01 6.72599611e+03
5.95836536e-01 5.94332669e-01 5.40136558e-01 2.90526273e+02 3.56180303e-01 -7.98357340e-01 4.85552416e-01 -9.91827665e+02 7.19801649e-01 -9.69238662e-02 -6.87380062e-01 6.72685752e+03
5.96643348e-01 5.93761744e-01 5.39873788e-01 2.89898673e+02 3.53871910e-01 -7.98457399e-01 4.87073354e-01 -9.92422014e+02 7.20271745e-01 -9.95629079e-02 -6.86509898e-01 6.72772321e+03
5.97397486e-01 5.93310896e-01 5.39535378e-01 2.89243047e+02 3.52615519e-01 -7.98594634e-01 4.87759067e-01 -9.93028513e+02 7.20262827e-01 -1.01137493e-01 -6.86289056e-01 6.72855630e+03
5.97672968e-01 5.94471525e-01 5.37950397e-01 2.88561261e+02 3.53347666e-01 -7.97610768e-01 4.88837898e-01 -9.93649774e+02 7.19675240e-01 -1.02081680e-01 -6.86765520e-01 6.72935613e+03
5.98616910e-01 5.92909510e-01 5.38624274e-01 2.87909494e+02 3.52121130e-01 -7.98731967e-01 4.87891335e-01 -9.94255429e+02 7.19491838e-01 -1.02399015e-01 -6.86910428e-01 6.73018917e+03
6.00847544e-01 5.89005119e-01 5.40421316e-01 2.87272961e+02 3.47906018e-01 -8.01363086e-01 4.86599020e-01 -9.94853468e+02 7.19683007e-01 -1.04355998e-01 -6.86415468e-01 6.73104287e+03
6.02171285e-01 5.86942477e-01 5.41191530e-01 2.86644968e+02 3.45737867e-01 -8.02728021e-01 4.85894074e-01 -9.95441029e+02 7.19621477e-01 -1.05481053e-01 -6.86308004e-01 6.73191194e+03
6.06287667e-01 5.83368853e-01 5.40459107e-01 2.85917787e+02 3.44142160e-01 -8.05148264e-01 4.83013920e-01 -9.96083866e+02 7.16924988e-01 -1.06850618e-01 -6.88913280e-01 6.73264177e+03
6.07738429e-01 5.80941527e-01 5.41443389e-01 2.85264154e+02 3.45759025e-01 -8.07352876e-01 4.78154819e-01 -9.96637536e+02 7.14915868e-01 -1.03384120e-01 -6.91525144e-01 6.73349999e+03
6.06548744e-01 5.83390135e-01 5.40143102e-01 2.84648073e+02 3.49461172e-01 -8.05868704e-01 4.77967072e-01 -9.97197900e+02 7.14125696e-01 -1.01151285e-01 -6.92670851e-01 6.73438328e+03
6.06952772e-01 5.87239185e-01 5.35498340e-01 2.83959090e+02 3.50177867e-01 -8.02481135e-01 4.83114365e-01 -9.97808249e+02 7.13431002e-01 -1.05707936e-01 -6.92706314e-01 6.73517547e+03
6.06300333e-01 5.89830525e-01 5.33385280e-01 2.83313272e+02 3.51089903e-01 -8.00356267e-01 4.85968852e-01 -9.98425382e+02 7.13537515e-01 -1.07376891e-01 -6.92339814e-01 6.73600205e+03
6.03920677e-01 5.93859364e-01 5.31611579e-01 2.82702859e+02 3.54549616e-01 -7.97515077e-01 4.88123214e-01 -9.99034095e+02 7.13844791e-01 -1.06305021e-01 -6.92188455e-01 6.73687211e+03
6.00807578e-01 5.97193956e-01 5.31403456e-01 2.82110411e+02 3.60007717e-01 -7.95665230e-01 4.87146063e-01 -9.99656814e+02 7.13739937e-01 -1.01371701e-01 -6.93036132e-01 6.73775362e+03
6.00422186e-01 5.97571324e-01 5.31414820e-01 2.81458108e+02 3.62347836e-01 -7.95697870e-01 4.85354454e-01 -1.00026756e+03 7.12879544e-01 -9.88605725e-02 -6.94283330e-01 6.73859992e+03
5.99984719e-01 5.97545411e-01 5.31937795e-01 2.80844526e+02 3.62704686e-01 -7.95825875e-01 4.84877806e-01 -1.00087154e+03 7.13066369e-01 -9.79829431e-02 -6.94215886e-01 6.73947817e+03
5.99834412e-01 5.97803914e-01 5.31816847e-01 2.80223825e+02 3.62716185e-01 -7.95610564e-01 4.85222423e-01 -1.00147601e+03 7.13186965e-01 -9.81545292e-02 -6.94067750e-01 6.74034728e+03
6.00418729e-01 5.96473222e-01 5.32650960e-01 2.79594052e+02 3.61619869e-01 -7.96598491e-01 4.84419153e-01 -1.00209957e+03 7.13252004e-01 -9.82371614e-02 -6.93989221e-01 6.74118767e+03
6.01581196e-01 5.93869264e-01 5.34246536e-01 2.78952529e+02 3.61406760e-01 -7.98782116e-01 4.80970150e-01 -1.00271598e+03 7.12379967e-01 -9.62622881e-02 -6.95160668e-01 6.74202140e+03
6.01375344e-01 5.93594581e-01 5.34783291e-01 2.78324587e+02 3.61734966e-01 -7.99098107e-01 4.80197906e-01 -1.00331739e+03 7.12387191e-01 -9.53293658e-02 -6.95281815e-01 6.74287512e+03
5.99451139e-01 5.95856090e-01 5.34428529e-01 2.77697381e+02 3.63746711e-01 -7.97561819e-01 4.81231208e-01 -1.00391364e+03 7.12984335e-01 -9.40779758e-02 -6.94840034e-01 6.74372595e+03
5.96279789e-01 5.98240433e-01 5.35311869e-01 2.77079768e+02 3.64963021e-01 -7.95945447e-01 4.82983269e-01 -1.00449822e+03 7.15019165e-01 -9.26241252e-02 -6.92941819e-01 6.74457568e+03
5.94055991e-01 5.98474047e-01 5.37518646e-01 2.76458191e+02 3.65578076e-01 -7.96068994e-01 4.82314034e-01 -1.00509465e+03 7.16554360e-01 -9.00165088e-02 -6.91698545e-01 6.74540882e+03
5.92111627e-01 5.98032712e-01 5.40148773e-01 2.75849293e+02 3.66732522e-01 -7.96818479e-01 4.80195344e-01 -1.00567623e+03 7.17573047e-01 -8.62391245e-02 -6.91123531e-01 6.74625050e+03
5.87181011e-01 6.03286155e-01 5.39689054e-01 2.75229929e+02 3.71328674e-01 -7.93193447e-01 4.82658442e-01 -1.00629695e+03 7.19258977e-01 -8.30058516e-02 -6.89765578e-01 6.74705974e+03
5.84781693e-01 6.02998083e-01 5.42608222e-01 2.74625822e+02 3.70977387e-01 -7.93653348e-01 4.82172316e-01 -1.00687279e+03 7.21391814e-01 -8.06701628e-02 -6.87812602e-01 6.74791598e+03
5.83023666e-01 6.02585951e-01 5.44952820e-01 2.74000974e+02 3.69085986e-01 -7.93982205e-01 4.83081559e-01 -1.00748697e+03 7.23781003e-01 -8.05135333e-02 -6.85316446e-01 6.74873870e+03
5.79427440e-01 6.05776790e-01 5.45250697e-01 2.73362671e+02 3.72460961e-01 -7.91867148e-01 4.83962037e-01 -1.00810460e+03 7.24939084e-01 -7.73362858e-02 -6.84457759e-01 6.74955360e+03
5.76287188e-01 6.10050780e-01 5.43811661e-01 2.72720328e+02 3.79211717e-01 -7.89056365e-01 4.83309969e-01 -1.00870099e+03 7.23941677e-01 -7.23055893e-02 -6.86061477e-01 6.75038610e+03
5.77179973e-01 6.05498144e-01 5.47937292e-01 2.72056045e+02 3.82414118e-01 -7.93275559e-01 4.73786165e-01 -1.00920437e+03 7.21541906e-01 -6.39209297e-02 -6.89413804e-01 6.75127065e+03
5.78480212e-01 5.99274763e-01 5.53380883e-01 2.71381138e+02 3.79662717e-01 -7.98262436e-01 4.67582403e-01 -1.00975824e+03 7.21953506e-01 -6.03890781e-02 -6.89301309e-01 6.75212133e+03
5.76112015e-01 5.98932563e-01 5.56214644e-01 2.70730884e+02 3.78162944e-01 -7.98592247e-01 4.68234140e-01 -1.01033221e+03 7.24629377e-01 -5.94155468e-02 -6.86572690e-01 6.75298138e+03
5.76813227e-01 5.92981032e-01 5.61836272e-01 2.70066218e+02 3.69712687e-01 -8.02819077e-01 4.67754272e-01 -1.01080334e+03 7.28422288e-01 -6.20888529e-02 -6.82309273e-01 6.75389091e+03
5.74036619e-01 5.96121481e-01 5.61356518e-01 2.69388440e+02 3.70402915e-01 -8.00451023e-01 4.71253479e-01 -1.01142729e+03 7.30262720e-01 -6.25886633e-02 -6.80293333e-01 6.75469253e+03
5.72249988e-01 5.98409453e-01 5.60746001e-01 2.68718521e+02 3.73644433e-01 -7.98927848e-01 4.71279249e-01 -1.01205553e+03 7.30013554e-01 -6.01699231e-02 -6.80778812e-01 6.75549405e+03
5.68978414e-01 6.00700616e-01 5.61624727e-01 2.68067688e+02 3.78162041e-01 -7.97579184e-01 4.69958420e-01 -1.01262025e+03 7.30244504e-01 -5.50110433e-02 -6.80967510e-01 6.75635518e+03
