1.00000000e+00 0.00000000e+00 0.00000000e+00 0.00000000e+00 0.00000000e+00 1.00000000e+00 0.00000000e+00 0.00000000e+00 0.00000000e+00 0.00000000e+00 1.00000000e+00 0.00000000e+00
9.99998030e-01 -1.53298004e-03 1.26074371e-03 -8.58534873e-03 1.53595739e-03 9.99996026e-01 -2.36401527e-03 2.28004076e-02 -1.25711471e-03 2.36594706e-03 9.99996411e-01 -4.55051636e-01
9.99983504e-01 -5.21749941e-03 2.40176206e-03 8.16490997e-05 5.22206177e-03 9.99984565e-01 -1.89725184e-03 3.16654266e-02 -2.39182608e-03 1.90976270e-03 9.99995316e-01 -8.99482009e-01
9.99988319e-01 -4.77275857e-03 7.63241426e-04 3.99820587e-02 4.77322072e-03 9.99988425e-01 -6.04849273e-04 1.38132225e-02 -7.60345792e-04 6.08485327e-04 9.99999526e-01 -1.48610750e+00
9.99965401e-01 -7.04453085e-03 4.42406248e-03 -4.18378673e-02 7.04177149e-03 9.99975002e-01 6.38984611e-04 3.93335850e-03 -4.42845324e-03 -6.07809265e-04 9.99990010e-01 -2.02647573e+00
9.99965796e-01 -7.47731608e-03 3.53516703e-03 -2.26997497e-02 7.47358931e-03 9.99971504e-01 1.06623637e-03 1.80546855e-02 -3.54303888e-03 -1.03977951e-03 9.99993183e-01 -2.60909128e+00
9.99970610e-01 -7.59128474e-03 1.07281311e-03 4.59072330e-02 7.59129732e-03 9.99971186e-01 -7.65700904e-06 4.47966534e-02 -1.07272407e-03 1.58008273e-05 9.99999425e-01 -3.18960983e+00
9.99951889e-01 -9.32409609e-03 -3.04643710e-03 1.30054463e-01 9.31490133e-03 9.99952059e-01 -3.01857850e-03 6.20487684e-02 3.07443657e-03 2.99005601e-03 9.99990804e-01 -3.62652441e+00
9.99933310e-01 -9.91813189e-03 -5.91667764e-03 1.55392281e-01 9.87909705e-03 9.99929481e-01 -6.59056848e-03 6.51539852e-02 5.98162653e-03 6.53167752e-03 9.99960778e-01 -4.06556518e+00
9.99936823e-01 -8.82468441e-03 -6.96237978e-03 1.55812574e-01 8.75117685e-03 9.99906384e-01 -1.05185740e-02 8.50064325e-02 7.05455109e-03 1.04569804e-02 9.99920439e-01 -4.47873602e+00
9.99926511e-01 -9.45849648e-03 -7.58346768e-03 1.63912012e-01 9.36239801e-03 9.99876672e-01 -1.26090081e-02 1.20708322e-01 7.70179468e-03 1.25370820e-02 9.99891746e-01 -4.97125965e+00
9.99893981e-01 -1.05438365e-02 -1.00426526e-02 2.10795907e-01 1.04202639e-02 9.99870318e-01 -1.22786246e-02 1.39073900e-01 1.01708141e-02 1.21726757e-02 9.99874182e-01 -5.57544429e+00
9.99883101e-01 -1.13430929e-02 -1.02527431e-02 1.83800597e-01 1.12402750e-02 9.99886512e-01 -1.00309268e-02 1.71533108e-01 1.03653613e-02 9.91451058e-03 9.99897126e-01 -6.14206571e+00
9.99879189e-01 -1.08745761e-02 -1.11063602e-02 2.04610743e-01 1.07947071e-02 9.99915625e-01 -7.22609301e-03 1.79650483e-01 1.11840038e-02 7.10533012e-03 9.99912212e-01 -6.65967802e+00
9.99878591e-01 -8.88971049e-03 -1.27975339e-02 2.38087918e-01 8.81630038e-03 9.99944423e-01 -5.78130369e-03 2.05474126e-01 1.28482167e-02 5.66777489e-03 9.99901395e-01 -7.54845405e+00
9.99876026e-01 -5.19040895e-03 -1.48658427e-02 2.43272145e-01 5.14059167e-03 9.99981050e-01 -3.38737754e-03 2.20807330e-01 1.48831429e-02 3.31053836e-03 9.99883759e-01 -8.20942572e+00
9.99855873e-01 -3.09852275e-03 -1.66923128e-02 2.52528721e-01 3.06143979e-03 9.99992790e-01 -2.24665460e-03 2.36974946e-01 1.66991538e-02 2.19522829e-03 9.99858150e-01 -8.78489547e+00
9.99789505e-01 -7.40356777e-03 -1.91345842e-02 2.84925057e-01 7.40005273e-03 9.99972587e-01 -2.54500378e-04 2.38308130e-01 1.91359438e-02 1.12849875e-04 9.99816885e-01 -9.22406502e+00
9.99714039e-01 -1.16588689e-02 -2.08784913e-02 2.59826741e-01 1.16615768e-02 9.99932001e-01 7.94878404e-06 3.50165542e-01 2.08769789e-02 -2.51422642e-04 9.99782021e-01 -1.18298832e+01
9.99621610e-01 -1.21011752e-02 -2.47022117e-02 3.64075878e-01 1.20736145e-02 9.99926312e-01 -1.26456415e-03 4.09401837e-01 2.47156941e-02 9.65840668e-04 9.99694054e-01 -1.37268465e+01
9.99550947e-01 -7.96915471e-03 -2.88859422e-02 6.88198157e-01 7.92266364e-03 9.99967130e-01 -1.72356566e-03 5.01050061e-01 2.88987281e-02 1.49393808e-03 9.99581228e-01 -1.54676957e+01
9.99488062e-01 -3.52655221e-03 -3.17990190e-02 9.23729311e-01 3.50359640e-03 9.99993560e-01 -7.77593864e-04 4.03632061e-01 3.18015565e-02 6.65784855e-04 9.99493981e-01 -1.78077139e+01
9.99424023e-01 3.20437266e-04 -3.39340605e-02 1.05655353e+00 -3.88414266e-04 9.99997931e-01 -1.99663536e-03 4.58365199e-01 3.39333505e-02 2.00866581e-03 9.99422079e-01 -2.04802102e+01
-7.62747611e-02 9.39307981e-01 3.34488682e-01 -1.14848562e+01 9.54023027e-01 1.66275668e-01 -2.49384172e-01 2.11493056e-01 -2.89865872e-01 3.00088187e-01 -9.08804080e-01 2.48314357e+02
-7.62655183e-02 9.38588274e-01 3.36505011e-01 -1.22829611e+01 9.53711294e-01 1.67127292e-01 -2.50006473e-01 9.19433904e-01 -2.90892315e-01 3.01861756e-01 -9.07888287e-01 2.50706576e+02
9.96478612e-01 8.11723413e-02 2.10101697e-02 -1.43880039e+00 -8.06520034e-02 9.96440403e-01 -2.45311725e-02 -2.73768787e-01 -2.29266347e-02 2.27502764e-02 9.99478261e-01 1.38021795e+01
9.96710503e-01 7.88940946e-02 1.85444047e-02 -1.49960026e+00 -7.84487445e-02 9.96638098e-01 -2.36283042e-02 -1.82677263e-01 -2.03461939e-02 2.20957937e-02 9.99548802e-01 1.18788965e+01
9.96975512e-01 7.58503218e-02 1.69279887e-02 -1.49699886e+00 -7.54514530e-02 9.96882464e-01 -2.30744868e-02 -5.07989301e-02 -1.86254224e-02 2.17274570e-02 9.99590422e-01 9.96250714e+00
-3.53703648e-01 5.26705751e-01 7.72964929e-01 -3.29357361e+01 2.54081289e-01 8.49414778e-01 -4.62533495e-01 -2.66429400e+00 -9.00186885e-01 3.27961412e-02 -4.34267182e-01 5.44709152e+02
9.98840544e-01 -1.48689249e-02 -4.57873678e-02 1.21490615e+00 1.49775067e-02 9.99885772e-01 2.02926131e-03 3.35165890e-01 4.57519646e-02 -2.71268908e-03 9.98949147e-01 -1.97188061e+01
9.98543049e-01 -2.45061266e-02 -4.80752481e-02 1.27735714e+00 2.45683934e-02 9.99697903e-01 7.04625690e-04 4.06120806e-01 4.80434570e-02 -1.88473069e-03 9.98843468e-01 -1.89504635e+01
7.62650114e-01 1.60388392e-01 6.26610219e-01 -3.08292850e+01 4.44607981e-01 5.73617242e-01 -6.87958577e-01 8.01840946e+00 -4.69774996e-01 8.03267592e-01 3.66159296e-01 5.34701572e+02
7.43321447e-01 1.95672117e-01 6.39676206e-01 -3.21832343e+01 4.42977282e-01 5.72555501e-01 -6.89892257e-01 8.69666765e+00 -5.01242809e-01 7.96173738e-01 3.38914481e-01 5.41007221e+02
-5.48405629e-01 6.02353481e-01 5.80018578e-01 -2.75131373e+01 5.33778593e-01 7.86090937e-01 -3.11675236e-01 -7.55490131e-01 -6.43686010e-01 1.38677047e-01 -7.52620088e-01 4.26046536e+02
-2.82042023e-01 6.05471896e-01 7.44215077e-01 -3.68010608e+01 3.62897545e-01 7.85400826e-01 -5.01448816e-01 3.39038784e+00 -8.88120301e-01 1.28644186e-01 -4.41240302e-01 5.59116880e+02
-4.35138731e-01 7.57018777e-01 4.87418564e-01 -2.31250101e+01 7.49849057e-01 6.04357667e-01 -2.69217761e-01 1.46492914e+00 -4.98378046e-01 2.48343276e-01 -8.30629244e-01 3.49571378e+02
-4.86945539e-01 6.67292283e-01 5.63564593e-01 -2.72706865e+01 6.22967122e-01 7.17594464e-01 -3.11400307e-01 1.82313798e+00 -6.12205854e-01 1.99447222e-01 -7.65130576e-01 4.06886667e+02
9.41631076e-01 2.64594276e-01 2.08136459e-01 -1.10457962e+01 -2.37316276e-01 9.60236495e-01 -1.47060732e-01 2.66626750e+00 -2.38771651e-01 8.90827861e-02 9.66981052e-01 1.34218245e+02
-3.24634351e-01 6.58867896e-01 6.78605654e-01 -3.06190635e+01 5.14661159e-01 7.25001380e-01 -4.57708303e-01 6.43600089e+00 -7.93559342e-01 2.00664135e-01 -5.74454067e-01 5.08244537e+02
-6.05219032e-01 6.13264697e-01 5.07559193e-01 -2.08895441e+01 5.75401649e-01 7.77611323e-01 -2.53443432e-01 2.43093045e+00 -5.50111685e-01 1.38661608e-01 -8.23498690e-01 3.70198656e+02
-3.86238369e-01 7.41030411e-01 5.49266649e-01 -2.10679499e+01 6.96245193e-01 6.24807600e-01 -3.53352648e-01 5.92213522e+00 -6.05031035e-01 2.45945914e-01 -7.57263530e-01 4.06147088e+02
-4.41157831e-01 7.02419387e-01 5.58557762e-01 -1.94492138e+01 6.47221109e-01 6.80179756e-01 -3.44180673e-01 4.00873228e+00 -6.21678859e-01 2.09672375e-01 -7.54687280e-01 4.18531263e+02
-4.20595883e-01 7.25210199e-01 5.45132341e-01 -1.60026071e+01 6.72236523e-01 6.52622430e-01 -3.49545449e-01 5.43562846e+00 -6.09259518e-01 2.19440493e-01 -7.62003090e-01 4.11419942e+02
-4.24339608e-01 7.27375045e-01 5.39315715e-01 -1.26378730e+01 6.72155398e-01 6.52114588e-01 -3.50647523e-01 5.94620928e+00 -6.06747903e-01 2.13710337e-01 -7.65627112e-01 4.11928283e+02
-4.29204454e-01 7.30561604e-01 5.31096300e-01 -8.39453704e+00 6.72749571e-01 6.50926024e-01 -3.51714836e-01 6.48955403e+00 -6.02653758e-01 2.06337234e-01 -7.70865354e-01 4.09539229e+02
-4.36766429e-01 7.33011788e-01 5.21467933e-01 -2.85206269e+00 6.70391989e-01 6.51760354e-01 -3.54659021e-01 7.02922309e+00 -5.99841368e-01 1.94684771e-01 -7.76072273e-01 4.11302616e+02
-4.48215863e-01 7.34157725e-01 5.10014682e-01 3.80447171e+00 6.66746568e-01 6.54590222e-01 -3.56315388e-01 7.65936060e+00 -5.95442318e-01 1.80344329e-01 -7.82894864e-01 4.11482266e+02
-4.53691727e-01 7.40556076e-01 4.95722215e-01 1.21071171e+01 6.70084337e-01 6.50208706e-01 -3.58072087e-01 8.14015130e+00 -5.87495360e-01 1.69721348e-01 -7.91229338e-01 4.12273649e+02
-4.73499745e-01 7.38084255e-01 4.80655411e-01 2.09597943e+01 6.63043160e-01 6.57913107e-01 -3.57105183e-01 7.77691848e+00 -5.79803208e-01 1.49606069e-01 -8.00903405e-01 4.12088084e+02
-4.90346210e-01 7.39094978e-01 4.61843273e-01 3.05204885e+01 6.62376968e-01 6.60441172e-01 -3.53658324e-01 7.26360022e+00 -5.66407403e-01 1.32499329e-01 -8.13404316e-01 4.08481766e+02
-4.88068153e-01 7.55854753e-01 4.36432206e-01 4.20042620e+01 6.76304909e-01 6.43597160e-01 -3.58321596e-01 7.13411925e+00 -5.51725609e-01 1.20275884e-01 -8.25307557e-01 4.06764009e+02
-5.27269757e-01 7.40275638e-01 4.17107400e-01 5.42247978e+01 6.57982213e-01 6.66323066e-01 -3.50817586e-01 5.54481573e+00 -5.37629993e-01 8.94737466e-02 -8.38420204e-01 4.05704197e+02
-5.55240786e-01 7.33143809e-01 3.92693042e-01 6.81596849e+01 6.48708969e-01 6.77242766e-01 -3.47158335e-01 3.65975425e+00 -5.20465506e-01 6.19870323e-02 -8.51629770e-01 4.05176612e+02
-5.38270157e-01 7.70187993e-01 3.42163256e-01 8.20855480e+01 6.88253727e-01 6.36033479e-01 -3.48953037e-01 4.35829426e+00 -4.86386725e-01 4.76641300e-02 -8.72442597e-01 3.90429895e+02
-5.48224186e-01 7.75565319e-01 3.12967537e-01 1.01937765e+02 6.91787999e-01 6.30816722e-01 -3.51425138e-01 1.62512167e+00 -4.69978305e-01 2.38474256e-02 -8.82355763e-01 3.95197607e+02
-5.85671423e-01 7.63575265e-01 2.71922415e-01 1.15628960e+02 6.83541380e-01 6.45575489e-01 -3.40592821e-01 5.77729353e-01 -4.35614699e-01 -1.36052595e-02 -9.00030405e-01 3.82075470e+02
-5.71842429e-01 7.87887566e-01 2.28537569e-01 1.37074062e+02 7.07485018e-01 6.14659805e-01 -3.48795461e-01 -6.85470484e-01 -4.15284464e-01 -3.77691376e-02 -9.08907204e-01 3.80703714e+02
-6.17552025e-01 7.68156254e-01 1.69013215e-01 1.42995233e+02 7.00154234e-01 6.34793992e-01 -3.26834265e-01 -2.76043358e-01 -3.58348358e-01 -8.35018439e-02 -9.29846168e-01 3.51556651e+02
-6.35698771e-01 7.52394008e-01 1.72598753e-01 1.83290782e+02 6.78189987e-01 6.51153615e-01 -3.40671852e-01 -7.86224293e+00 -3.68707762e-01 -9.95099324e-02 -9.24203635e-01 3.81774557e+02
-6.54688813e-01 7.45035157e-01 1.27691707e-01 1.83083159e+02 6.78782455e-01 6.53782838e-01 -3.34398534e-01 -7.26803562e+00 -3.32621311e-01 -1.32252089e-01 -9.33741103e-01 3.83031956e+02
-6.74639784e-01 7.33981597e-01 7.83082178e-02 1.83004655e+02 6.77047045e-01 6.57566562e-01 -3.30474680e-01 -5.88117972e+00 -2.94055199e-01 -1.69933019e-01 -9.40560635e-01 3.87489206e+02
-6.90422095e-01 7.22773795e-01 3.02551134e-02 1.82457893e+02 6.76107845e-01 6.59589932e-01 -3.28358497e-01 -4.53081318e+00 -2.57284886e-01 -2.06250242e-01 -9.44068496e-01 3.90493499e+02
-7.05638577e-01 7.08327264e-01 -1.86195067e-02 1.82148412e+02 6.73472616e-01 6.62285053e-01 -3.28349120e-01 -3.62920913e+00 -2.20247213e-01 -2.44235534e-01 -9.44372897e-01 3.92700128e+02
-7.18894993e-01 6.91321429e-01 -7.25580533e-02 1.82233568e+02 6.72006921e-01 6.64503675e-01 -3.26866278e-01 -3.05014110e+00 -1.77754569e-01 -2.83742044e-01 -9.42281150e-01 3.94321491e+02
-6.34573334e-01 4.48615459e-01 -6.29333658e-01 2.60401566e+02 6.78615105e-01 7.13113561e-01 -1.75927794e-01 -2.73040245e+01 3.69862438e-01 -5.38714413e-01 -7.56960077e-01 2.59854068e+02
-6.13533922e-01 4.18114572e-01 -6.69892775e-01 2.61149294e+02 6.77724662e-01 7.14203611e-01 -1.74935658e-01 -2.69828822e+01 4.05296691e-01 -5.61331815e-01 -7.21554700e-01 2.60882133e+02
-5.90761988e-01 3.87555509e-01 -7.07672948e-01 2.61742843e+02 6.77738917e-01 7.14271197e-01 -1.74604177e-01 -2.67086861e+01 4.37801592e-01 -5.82767008e-01 -6.84625723e-01 2.61654597e+02
-5.64405669e-01 3.57256250e-01 -7.44186948e-01 2.62246731e+02 6.78869905e-01 7.13778288e-01 -1.72209777e-01 -2.65125335e+01 4.69661467e-01 -6.02402297e-01 -6.45391029e-01 2.62225906e+02
-5.38187315e-01 3.26588721e-01 -7.76977620e-01 2.62674212e+02 6.78584001e-01 7.14665890e-01 -1.69636137e-01 -2.63097705e+01 4.99878153e-01 -6.18540599e-01 -6.06241998e-01 2.62669701e+02
-6.98960187e-01 5.84278514e-01 -4.12399412e-01 2.59576400e+02 7.08343375e-01 6.45031174e-01 -2.86678299e-01 -1.72944702e+01 9.85105062e-02 -4.92497109e-01 -8.64720925e-01 3.43250678e+02
-7.20220900e-01 5.17789561e-01 -4.61709677e-01 2.82348924e+02 6.69656602e-01 6.92739220e-01 -2.67717032e-01 -9.56788152e+00 1.81223317e-01 -5.02002335e-01 -8.45666462e-01 3.16570495e+02
-7.11875006e-01 5.01208849e-01 -4.91959009e-01 2.97712846e+02 6.67649433e-01 7.00299289e-01 -2.52636381e-01 -1.21696237e+01 2.17894954e-01 -5.08301678e-01 -8.33157364e-01 3.00486774e+02
-6.98169166e-01 4.79871239e-01 -5.31303500e-01 3.13490924e+02 6.71005255e-01 6.97349765e-01 -2.51903261e-01 -1.30921037e+01 2.49623241e-01 -5.32378531e-01 -8.08864227e-01 2.82497274e+02
-6.78730441e-01 4.39859574e-01 -5.88088891e-01 3.30697890e+02 6.72934306e-01 6.93178420e-01 -2.58191977e-01 -1.22127951e+01 2.94082315e-01 -5.70987944e-01 -7.66477892e-01 2.58451039e+02
-6.49841116e-01 4.29820097e-01 -6.26866180e-01 3.44437886e+02 6.81113833e-01 6.95344303e-01 -2.29303832e-01 -2.19209050e+01 3.37328432e-01 -5.75978285e-01 -7.44619731e-01 2.33208861e+02
-6.38435763e-01 3.80184974e-01 -6.69222805e-01 3.56891383e+02 6.84646395e-01 6.77774389e-01 -2.68106681e-01 -1.49532285e+01 3.51651946e-01 -6.29349874e-01 -6.93007680e-01 2.16552825e+02
-6.34422666e-01 3.59279790e-01 -6.84416477e-01 3.65697754e+02 6.64058896e-01 7.06513284e-01 -2.44672764e-01 -1.47462126e+01 3.95643354e-01 -6.09718797e-01 -6.86810982e-01 2.08850509e+02
-6.01779188e-01 3.27561173e-01 -7.28399263e-01 3.75795966e+02 6.63103398e-01 7.13250453e-01 -2.27085169e-01 -1.93284144e+01 4.45146820e-01 -6.19659156e-01 -6.46426206e-01 1.80395531e+02
-5.80977155e-01 3.14097532e-01 -7.50871684e-01 3.81801446e+02 6.71796908e-01 7.05891796e-01 -2.24512109e-01 -2.16058979e+01 4.59515463e-01 -6.34869682e-01 -6.21116758e-01 1.61157545e+02
-5.83119312e-01 2.78089068e-01 -7.63307499e-01 3.88324514e+02 6.63032864e-01 7.05836146e-01 -2.49364707e-01 -1.23418604e+01 4.69424424e-01 -6.51507333e-01 -5.95968879e-01 1.58027412e+02
-5.70338193e-01 2.59369171e-01 -7.79385642e-01 3.92721857e+02 6.63875430e-01 7.04311767e-01 -2.51424639e-01 -1.19770889e+01 4.83718678e-01 -6.60812052e-01 -5.73884720e-01 1.45465319e+02
-5.57878378e-01 2.44371861e-01 -7.93129314e-01 3.95829017e+02 6.60233077e-01 7.09725919e-01 -2.45726278e-01 -1.29793949e+01 5.02855843e-01 -6.60735586e-01 -5.57283130e-01 1.34834739e+02
-5.55996038e-01 2.37344825e-01 -7.96577579e-01 3.97452640e+02 6.59576523e-01 7.09170415e-01 -2.49070537e-01 -1.27464934e+01 5.05793650e-01 -6.63886102e-01 -5.50843016e-01 1.29853628e+02
-5.46213003e-01 2.22495442e-01 -8.07556272e-01 3.98361181e+02 6.51204659e-01 7.19177357e-01 -2.42314716e-01 -1.23665686e+01 5.26862266e-01 -6.58239855e-01 -5.37714093e-01 1.20695442e+02
-5.43010193e-01 2.19625886e-01 -8.10496392e-01 3.98742150e+02 6.53159780e-01 7.17072398e-01 -2.43288877e-01 -1.22088368e+01 5.27752056e-01 -6.61491985e-01 -5.32828417e-01 1.17004132e+02
-5.55071979e-01 2.78890534e-01 -7.83655006e-01 3.99392525e+02 6.75075257e-01 7.01462874e-01 -2.28524034e-01 -2.25503455e+01 4.85971703e-01 -6.55873392e-01 -5.77634485e-01 1.39035383e+02
-5.57764063e-01 2.85741191e-01 -7.79263256e-01 3.98637359e+02 6.81449257e-01 6.93649128e-01 -2.33404792e-01 -2.31039232e+01 4.73841914e-01 -6.61213172e-01 -5.81610679e-01 1.40248050e+02
-5.33301027e-01 2.39330407e-01 -8.11363649e-01 3.97428143e+02 6.67247884e-01 7.08576395e-01 -2.29564271e-01 -1.97844900e+01 5.19971419e-01 -6.63807539e-01 -5.37577227e-01 1.16313989e+02
-4.81693881e-01 1.44303422e-01 -8.64376959e-01 3.93894313e+02 6.31212459e-01 7.41343055e-01 -2.27994091e-01 -1.04429568e+01 6.07899528e-01 -6.55428865e-01 -4.48186531e-01 5.03525785e+01
-4.14472324e-01 1.87862136e-01 -8.90460842e-01 3.88150121e+02 6.97416799e-01 6.94165395e-01 -1.78169057e-01 -3.99050378e+01 5.84655882e-01 -6.94868493e-01 -4.18730554e-01 3.32920063e+01
-4.45748618e-01 1.24936709e-01 -8.86396632e-01 3.87559325e+02 6.54311153e-01 7.21231349e-01 -2.27381303e-01 -1.45213593e+01 6.10888767e-01 -6.81334103e-01 -4.03235359e-01 2.17059132e+01
-5.28309200e-01 2.18164262e-01 -8.20544785e-01 3.95213212e+02 6.31190539e-01 7.47300488e-01 -2.07702873e-01 -1.06978880e+01 5.67880175e-01 -6.27651444e-01 -5.32508941e-01 9.95200828e+01
-4.20630583e-01 7.52874217e-02 -9.04102714e-01 3.82974361e+02 6.33825713e-01 7.37395462e-01 -2.33479972e-01 -5.69165627e+00 6.49103134e-01 -6.71252364e-01 -3.57890187e-01 -6.01394825e+00
-5.23457754e-01 1.72837283e-01 -8.34337614e-01 3.91746637e+02 6.03675035e-01 7.66273183e-01 -2.20004229e-01 -7.78408369e-01 6.01305606e-01 -6.18831707e-01 -5.05449192e-01 4.15478701e+01
-5.10109795e-01 1.59849788e-01 -8.45124868e-01 3.91637378e+02 6.06955241e-01 7.63094448e-01 -2.22018467e-01 -1.93425008e+00 6.09420489e-01 -6.26206762e-01 -4.86283619e-01 3.47289528e+01
-4.79379318e-01 1.75994189e-01 -8.59779922e-01 3.91417762e+02 6.25989266e-01 7.55202471e-01 -1.94439364e-01 -1.62335852e+01 6.15087724e-01 -6.31423212e-01 -4.72198919e-01 2.96398717e+01
-5.06727458e-01 1.30687353e-01 -8.52143238e-01 3.91169584e+02 5.74809255e-01 7.87885138e-01 -2.20978119e-01 5.17175731e+00 6.42511948e-01 -6.01795501e-01 -4.74363333e-01 2.65430294e+01
-4.77962105e-01 1.98976432e-01 -8.55546963e-01 3.91834261e+02 6.20765997e-01 7.65622391e-01 -1.68736279e-01 -2.29948624e+01 6.21451369e-01 -6.11744010e-01 -4.89456293e-01 3.01602472e+01
-4.84957992e-01 1.95879588e-01 -8.52318563e-01 3.92081726e+02 6.12469698e-01 7.71749622e-01 -1.71123900e-01 -1.99166416e+01 6.24256850e-01 -6.05007197e-01 -4.94236459e-01 3.01768746e+01
-4.93645366e-01 1.76617423e-01 -8.51540098e-01 3.92145724e+02 5.89218207e-01 7.88096737e-01 -1.78116360e-01 -1.09449716e+01 6.39637520e-01 -5.89669245e-01 -4.93106504e-01 2.54310845e+01
-4.97172181e-01 1.74770161e-01 -8.49867762e-01 3.92356830e+02 5.87259981e-01 7.88825253e-01 -1.81329633e-01 -9.05565944e+00 6.38706143e-01 -5.89245375e-01 -4.94817493e-01 2.43032825e+01
-5.16008876e-01 2.20311784e-01 -8.27766609e-01 3.93074371e+02 5.92466342e-01 7.89719638e-01 -1.59143106e-01 -1.56061435e+01 6.18642445e-01 -5.72543109e-01 -5.38029659e-01 3.40515536e+01
6.10520948e-01 -7.80980119e-01 -1.31659508e-01 -1.49221741e+02 7.11755323e-01 6.13941264e-01 -3.41292376e-01 -7.20244380e+00 3.47373765e-01 1.14656789e-01 9.30690759e-01 -2.46952587e+02
6.11625235e-01 -7.81255572e-01 -1.24716895e-01 -1.49135239e+02 7.13361920e-01 6.12759065e-01 -3.40060436e-01 -6.95044237e+00 3.42095518e-01 1.19021260e-01 9.32096881e-01 -2.47599527e+02
2.62314414e-01 -9.22917831e-01 2.81804588e-01 -2.19349154e+02 9.61087284e-01 2.76079681e-01 9.55205342e-03 -1.93667511e+02 -8.66162813e-02 2.68333165e-01 9.59424271e-01 -2.01284671e+02
2.58554927e-01 -9.22484422e-01 2.86656310e-01 -2.19666803e+02 9.61363124e-01 2.74754077e-01 1.70628832e-02 -1.96354548e+02 -9.45002337e-02 2.71169113e-01 9.57881526e-01 -2.00966123e+02
-5.18251597e-01 7.48755421e-02 -8.51944209e-01 3.91309013e+02 4.87128662e-01 8.44617495e-01 -2.22096720e-01 2.97434116e+01 7.02937371e-01 -5.30108423e-01 -4.74198389e-01 6.74244832e+00
-3.00351702e-01 1.14103446e-01 -9.46979017e-01 3.80339618e+02 6.92507763e-01 7.08811593e-01 -1.34235329e-01 -5.74250927e+01 6.55912992e-01 -6.96108130e-01 -2.91910291e-01 -2.94141115e+01
2.74643321e-01 -9.10788223e-01 3.08278865e-01 -2.28187581e+02 9.57057076e-01 2.89874910e-01 3.78008742e-03 -1.90136877e+02 -9.28051675e-02 2.94002294e-01 9.51288522e-01 -2.01642269e+02
-5.23156756e-01 1.41977895e-01 -8.40326892e-01 3.94048634e+02 4.99296614e-01 8.50143883e-01 -1.67207262e-01 1.11726100e+01 6.90659033e-01 -5.07047981e-01 -5.15647599e-01 1.39885810e+01
-5.24586439e-01 1.40148890e-01 -8.39742435e-01 3.94771686e+02 4.98447044e-01 8.50191026e-01 -1.69486768e-01 1.13447301e+01 6.90188099e-01 -5.07477594e-01 -5.15855483e-01 1.44641414e+01
-9.00795698e-02 -3.96192664e-01 -9.13737952e-01 2.89358045e+02 9.03439660e-01 -4.18628230e-01 9.24509892e-02 -2.80959625e+02 -4.19144905e-01 -8.17179159e-01 3.95646017e-01 4.53790431e+01
-9.10945683e-02 -3.96147248e-01 -9.13657013e-01 2.90183472e+02 9.02618724e-01 -4.20429102e-01 9.22974021e-02 -2.81030503e+02 -4.20691359e-01 -8.16276135e-01 3.95868731e-01 4.50187516e+01
-9.32590325e-02 -3.96131960e-01 -9.13445249e-01 2.90966092e+02 9.02225703e-01 -4.21612959e-01 9.07264793e-02 -2.81110449e+02 -4.21060012e-01 -8.15672718e-01 3.96719652e-01 4.46537836e+01
-9.83430521e-02 -3.94234872e-01 -9.13732734e-01 2.91645980e+02 9.01055892e-01 -4.25010895e-01 8.63945511e-02 -2.81180141e+02 -4.22406112e-01 -8.14827960e-01 3.97024523e-01 4.43365597e+01
-1.03858792e-01 -3.91566979e-01 -9.14269463e-01 2.92516823e+02 8.98445285e-01 -4.31240093e-01 8.26320259e-02 -2.81259222e+02 -4.26625621e-01 -8.12839027e-01 3.96589582e-01 4.39531691e+01
-1.04995059e-01 -3.89855840e-01 -9.14870735e-01 2.93403942e+02 8.98048169e-01 -4.32343333e-01 8.11709790e-02 -2.81332974e+02 -4.27183243e-01 -8.13075437e-01 3.95503237e-01 4.35518671e+01
-1.04407405e-01 -3.88853281e-01 -9.15364528e-01 2.94241504e+02 8.99905990e-01 -4.28775616e-01 7.95027044e-02 -2.81417543e+02 -4.23400877e-01 -8.15441351e-01 3.94698746e-01 4.31735402e+01
-1.04707249e-01 -3.87134638e-01 -9.16058494e-01 2.95207889e+02 9.00617145e-01 -4.27599506e-01 7.77651607e-02 -2.81523188e+02 -4.21811746e-01 -8.16875410e-01 3.93432861e-01 4.27839354e+01
-1.02190271e-01 -3.88059870e-01 -9.15951247e-01 2.96103907e+02 9.00580417e-01 -4.27169939e-01 8.05031424e-02 -2.81628953e+02 -4.22506877e-01 -8.16661118e-01 3.93131731e-01 4.24064540e+01
-1.01264909e-01 -3.85579460e-01 -9.17100811e-01 2.96935466e+02 9.00142269e-01 -4.28076980e-01 8.05853237e-02 -2.81695649e+02 -4.23661792e-01 -8.17360740e-01 3.90425547e-01 4.20401461e+01
-1.01337193e-01 -3.81115843e-01 -9.18956739e-01 2.98095838e+02 9.00846945e-01 -4.27109960e-01 7.77937290e-02 -2.81829513e+02 -4.22143999e-01 -8.19955972e-01 3.86609167e-01 4.14909067e+01
-1.04504781e-01 -3.76257358e-01 -9.20602602e-01 2.99275428e+02 9.00825682e-01 -4.28053063e-01 7.26888278e-02 -2.82001316e+02 -4.21416470e-01 -8.21706137e-01 3.83675882e-01 4.10164293e+01
-1.05669454e-01 -3.68437998e-01 -9.23627310e-01 3.00405921e+02 9.00243644e-01 -4.29961123e-01 6.85187204e-02 -2.82061556e+02 -4.22368736e-01 -8.24249279e-01 3.77117723e-01 4.05026242e+01
-1.04564196e-01 -3.63065360e-01 -9.25877893e-01 3.01484695e+02 8.99764730e-01 -4.31131769e-01 6.74450004e-02 -2.82140191e+02 -4.23662318e-01 -8.26019940e-01 3.71754352e-01 4.00418839e+01
-1.02482242e-01 -3.58639889e-01 -9.27833401e-01 3.02585665e+02 8.99438017e-01 -4.31795284e-01 6.75580210e-02 -2.82240859e+02 -4.24863088e-01 -8.27605137e-01 3.66825699e-01 3.95982736e+01
-9.84806369e-02 -3.54790648e-01 -9.29744675e-01 3.03578223e+02 8.99513881e-01 -4.31356602e-01 6.93271927e-02 -2.82295126e+02 -4.25648143e-01 -8.29490855e-01 3.61619385e-01 3.91856789e+01
-9.57274259e-02 -3.52156353e-01 -9.31032847e-01 3.04528303e+02 8.99934392e-01 -4.30330690e-01 7.02395020e-02 -2.82371290e+02 -4.25387295e-01 -8.31144633e-01 3.58112063e-01 3.88078807e+01
-9.22452735e-02 -3.46788220e-01 -9.33396347e-01 3.05570522e+02 9.00789042e-01 -4.28545865e-01 7.01964676e-02 -2.82437800e+02 -4.24346453e-01 -8.34317908e-01 3.51914359e-01 3.83720019e+01
-8.98565242e-02 -3.42189278e-01 -9.35324705e-01 3.06590399e+02 9.01267450e-01 -4.27595323e-01 6.98514367e-02 -2.82508231e+02 -4.23842882e-01 -8.36701104e-01 3.46826287e-01 3.79656807e+01
-8.68868234e-02 -3.37842367e-01 -9.37183661e-01 3.07598291e+02 9.01032936e-01 -4.27944483e-01 7.07330805e-02 -2.82574789e+02 -4.24959209e-01 -8.38287573e-01 3.41589836e-01 3.75583790e+01
-8.61905909e-02 -3.33089482e-01 -9.38947591e-01 3.08610540e+02 8.99406063e-01 -4.31395319e-01 7.04756091e-02 -2.82646519e+02 -4.28532280e-01 -8.38420822e-01 3.36764917e-01 3.71539796e+01
-8.40916681e-02 -3.31288881e-01 -9.39774584e-01 3.09647529e+02 8.97232370e-01 -4.35445938e-01 7.32182292e-02 -2.82748395e+02 -4.33477410e-01 -8.37039134e-01 3.33860483e-01 3.67775704e+01
-8.16080967e-02 -3.27906134e-01 -9.41178881e-01 3.10621224e+02 8.97229224e-01 -4.35341415e-01 7.38753837e-02 -2.82818840e+02 -4.33958337e-01 -8.38424367e-01 3.29734350e-01 3.63971110e+01
-7.92968084e-02 -3.25400302e-01 -9.42245541e-01 3.11780054e+02 8.98285836e-01 -4.33138271e-01 7.39850933e-02 -2.82907517e+02 -4.32197377e-01 -8.40539042e-01 3.26648965e-01 3.59669121e+01
-7.84188648e-02 -3.22879976e-01 -9.43185561e-01 3.12738873e+02 8.98055321e-01 -4.33650190e-01 7.37845098e-02 -2.82967144e+02 -4.32836139e-01 -8.41246714e-01 3.23970436e-01 3.56120835e+01
-7.93152719e-02 -3.21357239e-01 -9.43630549e-01 3.13766259e+02 8.97817060e-01 -4.34366178e-01 7.24606803e-02 -2.83045791e+02 -4.33166959e-01 -8.41460366e-01 3.22971883e-01 3.52457962e+01
-8.12919632e-02 -3.19150213e-01 -9.44211183e-01 3.14858653e+02 8.97858875e-01 -4.34740311e-01 6.96441147e-02 -2.83120732e+02 -4.32713597e-01 -8.42106884e-01 3.21892744e-01 3.48636364e+01
-6.58046001e-02 -2.71719252e-01 -9.60124160e-01 3.29867116e+02 8.92007803e-01 -4.47257985e-01 6.54398578e-02 -2.82920479e+02 -4.47204466e-01 -8.52131999e-01 2.71807326e-01 3.50547753e+01
-7.59800438e-02 -2.84753665e-01 -9.55584838e-01 3.26296366e+02 8.94644010e-01 -4.42628351e-01 6.07637874e-02 -2.80052709e+02 -4.40271652e-01 -8.50291417e-01 2.88384082e-01 2.91909856e+01
-8.59630480e-02 -2.40412919e-01 -9.66856754e-01 3.42722569e+02 8.81883099e-01 -4.69898933e-01 3.84342509e-02 -2.75904602e+02 -4.63565048e-01 -8.49350705e-01 2.52410035e-01 3.34798172e+01
-9.08707549e-02 -2.34905373e-01 -9.67761320e-01 3.44941491e+02 8.88417471e-01 -4.58193968e-01 2.77972039e-02 -2.69997782e+02 -4.49952112e-01 -8.57250111e-01 2.50330469e-01 2.54598522e+01
-1.13517938e-01 -1.90823729e-01 -9.75038452e-01 3.62542577e+02 8.97064086e-01 -4.41532578e-01 -1.80279780e-02 -2.49875620e+02 -4.27071075e-01 -8.76718476e-01 2.21302982e-01 2.45030811e+01
-1.18210534e-01 -1.83878320e-01 -9.75815061e-01 3.64462808e+02 8.95646180e-01 -4.44074222e-01 -2.48194481e-02 -2.48088974e+02 -4.28770556e-01 -8.76918952e-01 2.17184166e-01 1.37222078e+01
-9.48773807e-02 -2.22967715e-01 -9.70197753e-01 3.49315849e+02 8.89715334e-01 -4.56167495e-01 1.78280807e-02 -2.67381405e+02 -4.46547766e-01 -8.61508337e-01 2.41657773e-01 1.56773272e+01
-9.21381330e-02 -2.26631122e-01 -9.69612757e-01 3.47770803e+02 8.90304089e-01 -4.54848582e-01 2.17116450e-02 -2.68593802e+02 -4.45947523e-01 -8.61249732e-01 2.43679514e-01 1.24287429e+01
-6.45737493e-02 -2.36266480e-01 -9.69540294e-01 3.40434850e+02 8.83341106e-01 -4.65538191e-01 5.46139471e-02 -2.81924970e+02 -4.64261479e-01 -8.52908168e-01 2.38765440e-01 6.82131551e+00
-6.16416481e-02 -2.16403751e-01 -9.74356056e-01 3.46172177e+02 8.84170451e-01 -4.64764969e-01 4.72878047e-02 -2.78515078e+02 -4.63079820e-01 -8.58581936e-01 2.19986681e-01 -9.91124248e-01
-7.17754744e-02 -2.04733062e-01 -9.76182695e-01 3.51933645e+02 8.84032245e-01 -4.66274324e-01 3.27909279e-02 -2.72911681e+02 -4.61882314e-01 -8.60623395e-01 2.14457689e-01 3.31267608e+00
-1.05304416e-01 -1.81956818e-01 -9.77651623e-01 3.63313229e+02 8.91504212e-01 -4.52860238e-01 -1.17407077e-02 -2.54275028e+02 -4.40603245e-01 -8.72816888e-01 2.09903453e-01 -6.86890801e-01
-1.03051177e-01 -1.85497096e-01 -9.77226321e-01 3.61855746e+02 8.93582478e-01 -4.48808054e-01 -9.03796306e-03 -2.55098347e+02 -4.36910528e-01 -8.74163690e-01 2.12007153e-01 -9.76873310e+00
-1.09549306e-01 -1.72094672e-01 -9.78970057e-01 3.66551508e+02 8.93953435e-01 -4.47651381e-01 -2.13423897e-02 -2.50534303e+02 -4.34564386e-01 -8.77491689e-01 2.02884521e-01 -1.25033241e+01
-1.35020615e-01 -1.46795678e-01 -9.79908395e-01 3.76911487e+02 8.96405213e-01 -4.39466354e-01 -5.76803121e-02 -2.34890527e+02 -4.22169549e-01 -8.86183024e-01 1.90925428e-01 -1.39588173e+01
-1.51029032e-01 -1.29101229e-01 -9.80062806e-01 3.83447416e+02 8.95955760e-01 -4.36781280e-01 -8.05319118e-02 -2.24896916e+02 -4.17676319e-01 -8.90255573e-01 1.81635643e-01 -1.95450274e+01
-1.71763966e-01 -9.77412045e-02 -9.80277408e-01 3.94055337e+02 8.94779057e-01 -4.31782010e-01 -1.13730975e-01 -2.10253268e+02 -4.12149947e-01 -8.96666579e-01 1.61621373e-01 -2.07747619e+01
-3.51075486e-02 -2.27422874e-01 -9.73163037e-01 3.40019709e+02 8.78355667e-01 -4.71517225e-01 7.85036886e-02 -2.91131307e+02 -4.76716669e-01 -8.52027196e-01 2.16311984e-01 -4.26520360e+01
-4.16426668e-02 -2.11670700e-01 -9.76453482e-01 3.45899073e+02 8.80065940e-01 -4.70457193e-01 6.44513149e-02 -2.85933077e+02 -4.73022019e-01 -8.56659527e-01 2.05875266e-01 -4.75556701e+01
-1.27459955e-01 -1.89227207e-01 -9.73625710e-01 3.63899303e+02 9.03061127e-01 -4.28081747e-01 -3.50231270e-02 -2.43163326e+02 -4.10164067e-01 -8.83707577e-01 2.25447015e-01 -2.50660915e+01
-7.30306613e-02 -1.83516083e-01 -9.80300143e-01 3.58886607e+02 8.91373603e-01 -4.52896611e-01 1.83782573e-02 -2.66649113e+02 -4.47347318e-01 -8.72471494e-01 1.96656731e-01 -5.83232062e+01
-6.87622545e-02 -2.42552161e-01 -9.67698404e-01 3.39407982e+02 8.94745802e-01 -4.44019466e-01 4.77143935e-02 -2.77963737e+02 -4.41250158e-01 -8.62563136e-01 2.47554307e-01 -3.15045192e+01
-4.11381354e-02 -2.22175892e-01 -9.74138351e-01 3.41869903e+02 8.87201839e-01 -4.56540852e-01 6.66584390e-02 -2.86377697e+02 -4.59543851e-01 -8.61515132e-01 2.15896100e-01 -2.79958866e+01
-5.81778476e-02 -2.32979427e-01 -9.70739885e-01 3.41566341e+02 9.09170056e-01 -4.14000272e-01 4.48729779e-02 -2.69683139e+02 -4.12341058e-01 -8.79957022e-01 2.35903564e-01 -9.58073611e+01
-1.60838220e-03 -2.63007924e-01 -9.64792333e-01 3.22221966e+02 8.77216632e-01 -4.63561423e-01 1.24907116e-01 -3.08253885e+02 -4.80092068e-01 -8.46130982e-01 2.31460509e-01 -2.41667209e+01
-6.46013928e-02 -1.76291816e-01 -9.82215789e-01 3.59188898e+02 8.84291425e-01 -4.66237429e-01 2.55212609e-02 -2.70164409e+02 -4.62444953e-01 -8.66916291e-01 1.86012929e-01 -4.22311411e+01
-4.33780491e-02 -2.35218933e-01 -9.70973943e-01 3.37821175e+02 8.74894403e-01 -4.78192633e-01 7.67566925e-02 -2.91817717e+02 -4.82367214e-01 -8.46170112e-01 2.26534791e-01 -9.29098993e+00
-4.54470473e-02 -2.34806003e-01 -9.70979252e-01 3.38908173e+02 8.75475380e-01 -4.77487142e-01 7.44908566e-02 -2.91913424e+02 -4.81121008e-01 -8.46683040e-01 2.27267255e-01 -9.54110725e+00
-1.15887590e-02 -2.29721418e-01 -9.73187428e-01 3.35111993e+02 8.82264636e-01 -4.60403397e-01 9.81724238e-02 -2.97687658e+02 -4.70611106e-01 -8.57471156e-01 2.08010587e-01 -5.91225008e+01
-1.80336478e-01 -5.78063038e-01 -7.95815229e-01 2.20621729e+02 8.87292415e-01 -4.44776048e-01 1.22009986e-01 -3.14124086e+02 -4.24489016e-01 -6.84117965e-01 5.93120295e-01 2.21703789e+02
-1.84736233e-01 -5.76561364e-01 -7.95895419e-01 2.21583276e+02 8.87283672e-01 -4.46084187e-01 1.17203168e-01 -3.14293478e+02 -4.22611180e-01 -6.84533338e-01 5.93981397e-01 2.20953080e+02
-1.88193569e-01 -5.73625132e-01 -7.97205989e-01 2.22820188e+02 8.86129140e-01 -4.49191293e-01 1.14027755e-01 -3.14450625e+02 -4.23507175e-01 -6.84968167e-01 5.92840858e-01 2.19986401e+02
-1.85699112e-01 -1.30255564e-01 -9.73934971e-01 3.86904228e+02 8.95724419e-01 -4.29934761e-01 -1.13286655e-01 -2.10346279e+02 -4.03972281e-01 -8.93414568e-01 1.96511593e-01 -3.12894088e+01
-7.07361887e-01 5.79221104e-01 4.05144509e-01 8.78731032e+01 5.04776541e-01 1.27007206e-02 8.63156611e-01 -4.26827988e+02 4.94812898e-01 8.15071533e-01 -3.01361231e-01 2.42544254e+02
-2.56555872e-01 -8.46682640e-02 -9.62813777e-01 4.04565318e+02 8.71771779e-01 -4.50428574e-01 -1.92686444e-01 -1.78278077e+02 -4.17364410e-01 -8.88788718e-01 1.89371498e-01 -2.88268036e+01
-1.78016578e-01 -1.43151344e-01 -9.73559341e-01 3.83224557e+02 8.92063651e-01 -4.41098814e-01 -9.82561888e-02 -2.16501140e+02 -4.15370365e-01 -8.85968131e-01 2.06223012e-01 -4.13049264e+01
-1.73414523e-01 -1.43327935e-01 -9.74363642e-01 3.82504380e+02 8.95087549e-01 -4.35602829e-01 -9.52284367e-02 -2.17580801e+02 -4.10786664e-01 -8.88654757e-01 2.03830907e-01 -4.45176475e+01
-1.93354975e-01 -1.32522429e-01 -9.72137675e-01 3.87501042e+02 8.91335169e-01 -4.37826602e-01 -1.17598821e-01 -2.09079981e+02 -4.10043254e-01 -8.89238816e-01 2.02777854e-01 -4.73205659e+01
-8.45422620e-02 -2.00359507e-01 -9.76067966e-01 3.55644317e+02 9.09440432e-01 -4.15782203e-01 6.57717086e-03 -2.55758624e+02 -4.07149488e-01 -8.87119624e-01 2.17366204e-01 -6.21329648e+01
-8.53660511e-02 -1.99619355e-01 -9.76147914e-01 3.56943778e+02 9.07521878e-01 -4.19954281e-01 6.51483593e-03 -2.55737855e+02 -4.11237983e-01 -8.85319442e-01 2.17008770e-01 -6.24406227e+01
-8.56603568e-02 -1.98019274e-01 -9.76447987e-01 3.58153265e+02 9.05203357e-01 -4.24924877e-01 6.76254454e-03 -2.55703991e+02 -4.16256155e-01 -8.83304713e-01 2.15646928e-01 -6.27028452e+01
-2.54849084e-01 -1.15012127e-01 -9.60116740e-01 3.98682983e+02 8.68511595e-01 -4.63755734e-01 -1.74980650e-01 -1.87658074e+02 -4.25134747e-01 -8.78466180e-01 2.18077090e-01 2.91607887e+01
-2.53588844e-01 -1.14932308e-01 -9.60459923e-01 3.99597999e+02 8.69324732e-01 -4.62532695e-01 -1.74178120e-01 -1.87466080e+02 -4.24225423e-01 -8.79121192e-01 2.17206629e-01 2.89125312e+01
-5.55013665e-02 -2.05115287e-01 -9.77162892e-01 3.50672738e+02 9.07098871e-01 -4.19332096e-01 3.64997448e-02 -2.67497166e+02 -4.17242419e-01 -8.84357571e-01 2.09333350e-01 -3.03820051e+01
-1.91522272e-01 -1.34042996e-01 -9.72291980e-01 3.88030815e+02 8.87487182e-01 -4.46704247e-01 -1.13233461e-01 -2.12110458e+02 -4.19148805e-01 -8.84583399e-01 2.04515253e-01 -3.19442317e+01
-1.98131704e-01 -1.29975092e-01 -9.71519585e-01 3.89045357e+02 8.86111202e-01 -4.47438879e-01 -1.20852749e-01 -2.11979046e+02 -4.18987786e-01 -8.84819148e-01 2.03824213e-01 -3.21875407e+01
-2.01015676e-01 -1.28492311e-01 -9.71124309e-01 3.90223968e+02 8.84785382e-01 -4.49281119e-01 -1.23698440e-01 -2.11829873e+02 -4.20413518e-01 -8.84101918e-01 2.04000667e-01 -3.24768788e+01
-2.03712323e-01 -1.28328096e-01 -9.70583942e-01 3.91411167e+02 8.83788385e-01 -4.50625807e-01 -1.25914543e-01 -2.11695547e+02 -4.21211799e-01 -8.83441159e-01 2.05212911e-01 -3.27368963e+01
-2.03483027e-01 -1.31092952e-01 -9.70262488e-01 3.94674357e+02 8.83731557e-01 -4.51163456e-01 -1.24378737e-01 -2.11364043e+02 -4.21441802e-01 -8.82760542e-01 2.07655084e-01 -3.34413169e+01
-2.01685749e-01 -1.31495484e-01 -9.70583225e-01 3.97087251e+02 8.83658492e-01 -4.51845461e-01 -1.22406492e-01 -2.11032278e+02 -4.22457723e-01 -8.82351754e-01 2.07327891e-01 -3.40257669e+01
-2.02072015e-01 -1.33473671e-01 -9.70232797e-01 3.99131257e+02 8.84136573e-01 -4.50992876e-01 -1.22098103e-01 -2.10812764e+02 -4.21271198e-01 -8.82490909e-01 2.09141993e-01 -3.44816286e+01
-2.01071408e-01 -1.32641710e-01 -9.70554721e-01 4.00797951e+02 8.86455049e-01 -4.46264687e-01 -1.22659188e-01 -2.10566786e+02 -4.16854574e-01 -8.85016388e-01 2.07311982e-01 -3.49016953e+01
-1.99824819e-01 -1.34780872e-01 -9.70517469e-01 4.02331988e+02 8.88381273e-01 -4.42757974e-01 -1.21425245e-01 -2.10383541e+02 -4.13338548e-01 -8.86453322e-01 2.08210835e-01 -3.52524624e+01
-1.98869225e-01 -1.35805052e-01 -9.70570976e-01 4.03803973e+02 8.88064345e-01 -4.43818078e-01 -1.19863393e-01 -2.10237487e+02 -4.14478891e-01 -8.85766618e-01 2.08865382e-01 -3.55925574e+01
-1.96676823e-01 -1.31309963e-01 -9.71635693e-01 4.05256030e+02 8.86888058e-01 -4.46341085e-01 -1.19202387e-01 -2.09976724e+02 -4.18028469e-01 -8.85176440e-01 2.04242185e-01 -3.59375110e+01
-1.94719508e-01 -1.30924235e-01 -9.72081868e-01 4.06627756e+02 8.86971425e-01 -4.46622035e-01 -1.17517871e-01 -2.09827608e+02 -4.18767244e-01 -8.85091861e-01 2.03092078e-01 -3.62574496e+01
-1.94052670e-01 -1.29867612e-01 -9.72356912e-01 4.07916652e+02 8.86643642e-01 -4.47356274e-01 -1.17198195e-01 -2.09666736e+02 -4.19769716e-01 -8.84876696e-01 2.01956972e-01 -3.65488429e+01
-1.95624464e-01 -1.28226132e-01 -9.72259805e-01 4.09170677e+02 8.87100358e-01 -4.45786341e-01 -1.19697506e-01 -2.09512054e+02 -4.18071793e-01 -8.85907781e-01 2.00956162e-01 -3.68177929e+01
-1.94227226e-01 -1.24943598e-01 -9.72967051e-01 4.10172165e+02 8.88802340e-01 -4.42124238e-01 -1.20650560e-01 -2.09346658e+02 -4.15097801e-01 -8.88209015e-01 1.96922727e-01 -3.70840644e+01
-1.91938367e-01 -1.21512013e-01 -9.73855479e-01 4.11036131e+02 8.88952900e-01 -4.41983170e-01 -1.20056729e-01 -2.09205062e+02 -4.15839397e-01 -8.88755145e-01 1.92851984e-01 -3.72994078e+01
-1.92909056e-01 -1.20160013e-01 -9.73831437e-01 4.11877862e+02 8.87549504e-01 -4.44548514e-01 -1.20964858e-01 -2.09095841e+02 -4.18380179e-01 -8.87658825e-01 1.92405394e-01 -3.74864455e+01
-1.91182376e-01 -1.20999831e-01 -9.74067934e-01 4.12815009e+02 8.86327932e-01 -4.47678451e-01 -1.18350332e-01 -2.08980919e+02 -4.21748854e-01 -8.85970115e-01 1.92833760e-01 -3.76721201e+01
