1.00000000e+00 0.00000000e+00 0.00000000e+00 0.00000000e+00 0.00000000e+00 1.00000000e+00 0.00000000e+00 0.00000000e+00 0.00000000e+00 0.00000000e+00 1.00000000e+00 0.00000000e+00
9.99060416e-01 1.13143528e-03 -4.33244075e-02 8.05979335e-03 -1.03453668e-03 9.99996913e-01 2.25893774e-03 3.17059833e-02 4.33268297e-02 -2.21199459e-03 9.99058503e-01 -9.99464741e-01
9.96060690e-01 6.90681141e-03 -8.84047407e-02 9.06112839e-04 -6.21777808e-03 9.99948129e-01 8.06708801e-03 4.79655659e-02 8.84558730e-02 -7.48562819e-03 9.96051968e-01 -2.05708247e+00
9.90877809e-01 7.98839853e-03 -1.34526400e-01 1.85609849e-01 -6.35172915e-03 9.99900557e-01 1.25909611e-02 3.79121659e-02 1.34613604e-01 -1.16216287e-02 9.90830013e-01 -3.15187467e+00
9.83453041e-01 7.38262533e-03 -1.81012740e-01 4.80354482e-01 -4.74787578e-03 9.99876452e-01 1.49845825e-02 5.96691333e-02 1.81101002e-01 -1.38772073e-02 9.83366590e-01 -4.25895222e+00
9.73853939e-01 1.00739957e-02 -2.26951583e-01 6.96009105e-01 -6.75644307e-03 9.99858739e-01 1.53899961e-02 7.56701562e-02 2.27074562e-01 -1.34542229e-02 9.73784436e-01 -5.38119203e+00
9.61651646e-01 1.12435506e-02 -2.74043233e-01 1.02074975e+00 -6.76063801e-03 9.99827532e-01 1.72973905e-02 5.86506103e-02 2.74190453e-01 -1.47813569e-02 9.61561806e-01 -6.49793261e+00
9.48068094e-01 1.63478108e-02 -3.17647035e-01 1.33363503e+00 -9.88585103e-03 9.99710312e-01 2.19445305e-02 1.79132875e-02 3.17913761e-01 -1.76646979e-02 9.47955062e-01 -7.59603774e+00
9.32775547e-01 1.99426810e-02 -3.59905639e-01 1.70293814e+00 -1.16297117e-02 9.99613558e-01 2.52484612e-02 1.66731551e-03 3.60270078e-01 -1.93655483e-02 9.32647010e-01 -8.70297270e+00
9.15016473e-01 2.06644171e-02 -4.02886878e-01 2.17217370e+00 -1.08503584e-02 9.99586554e-01 2.66268707e-02 -1.30199092e-02 4.03270535e-01 -1.99925583e-02 9.14862379e-01 -9.76821222e+00
8.95132093e-01 2.14388202e-02 -4.45285204e-01 2.66849060e+00 -1.09151361e-02 9.99597527e-01 2.61847977e-02 -3.81980600e-02 4.45667360e-01 -1.85785042e-02 8.95005834e-01 -1.08229737e+01
8.72967417e-01 2.12828990e-02 -4.87313991e-01 3.19604008e+00 -9.86967361e-03 9.99613827e-01 2.59766328e-02 -5.59654318e-02 4.87678662e-01 -1.78671240e-02 8.72840357e-01 -1.18627932e+01
8.48807489e-01 2.23512159e-02 -5.28229373e-01 3.78483688e+00 -1.01179505e-02 9.99609736e-01 2.60385006e-02 -8.01334573e-02 5.28605216e-01 -1.67570756e-02 8.48702378e-01 -1.28762381e+01
8.22650688e-01 2.29940040e-02 -5.68081967e-01 4.45738748e+00 -9.18608286e-03 9.99588962e-01 2.71573753e-02 -1.04075166e-01 5.68472920e-01 -1.71225855e-02 8.22523772e-01 -1.38541402e+01
7.95182061e-01 2.65660540e-02 -6.05788522e-01 5.14574850e+00 -1.08282296e-02 9.99502629e-01 2.96183012e-02 -1.23705442e-01 6.06274062e-01 -1.69923246e-02 7.95074224e-01 -1.48386061e+01
7.66273327e-01 2.83081973e-02 -6.41890828e-01 5.90054319e+00 -1.04116546e-02 9.99444859e-01 3.16476076e-02 -1.58175587e-01 6.42430375e-01 -1.75675720e-02 7.66142672e-01 -1.57854177e+01
7.30856263e-01 3.46035372e-02 -6.81653664e-01 4.73640591e+00 -1.43035057e-02 9.99271172e-01 3.53911550e-02 -4.31923709e-02 6.82381516e-01 -1.61158102e-02 7.30818546e-01 -1.54581105e+01
9.48033164e-01 1.26255942e-02 -3.17920924e-01 1.32190882e+00 -7.17449843e-03 9.99806596e-01 1.83111255e-02 7.18815135e-02 3.18090626e-01 -1.50786311e-02 9.47940393e-01 -7.65516401e+00
9.21857711e-01 1.93315436e-02 -3.87046058e-01 2.94125618e+00 -1.06474795e-02 9.99641445e-01 2.45685257e-02 -4.59517438e-02 3.87382229e-01 -1.85276199e-02 9.21733007e-01 -8.11030288e+00
8.87734935e-01 2.81759470e-02 -4.59491895e-01 4.71087015e+00 -1.47544514e-02 9.99353855e-01 3.27746789e-02 -2.14334881e-01 4.60118454e-01 -2.23156766e-02 8.87577049e-01 -8.24422550e+00
8.66870535e-01 2.97223696e-02 -4.97646518e-01 4.85087051e+00 -1.41794038e-02 9.99287291e-01 3.49836244e-02 -2.57874474e-01 4.98331637e-01 -2.32699422e-02 8.66674154e-01 -9.21885883e+00
8.32781125e-01 3.51628107e-02 -5.52484547e-01 6.55343156e+00 -1.48004853e-02 9.99038225e-01 4.12743258e-02 -4.13635787e-01 5.53404503e-01 -2.61954400e-02 8.32500604e-01 -9.33481719e+00
7.76538532e-01 4.64103232e-02 -6.28358170e-01 8.60541683e+00 -2.05389073e-02 9.98618043e-01 4.83751698e-02 -4.83967377e-01 6.29734914e-01 -2.46593932e-02 7.76418607e-01 -8.62193032e+00
7.41526306e-01 5.22788258e-02 -6.68883892e-01 1.00379450e+01 -2.61460468e-02 9.98453953e-01 4.90518895e-02 -3.86009601e-01 6.70414142e-01 -1.88845969e-02 7.41746756e-01 -7.46403583e+00
7.12925006e-01 5.70015650e-02 -6.98919707e-01 1.12729475e+01 -2.91632744e-02 9.98238546e-01 5.16653507e-02 -3.48865433e-01 7.00633598e-01 -1.64507332e-02 7.13331574e-01 -6.28724690e+00
6.55598389e-01 6.27174888e-02 -7.52500677e-01 1.29239651e+01 -3.07532480e-02 9.97935617e-01 5.63803294e-02 -4.79567943e-01 7.54483260e-01 -1.38210132e-02 6.56173750e-01 -5.45683189e+00
2.04896599e-01 8.49305794e-02 -9.75091883e-01 1.10648667e+01 -1.51857282e-02 9.96384168e-01 8.35941536e-02 -4.43859622e-01 9.78665815e-01 -2.32067746e-03 2.05445460e-01 -1.14817201e+01
1.70137566e-01 8.44955589e-02 -9.81791072e-01 1.22220362e+01 -1.61268902e-02 9.96422374e-01 8.29600899e-02 -5.08979240e-01 9.85288350e-01 1.71860899e-03 1.70891528e-01 -1.17776757e+01
1.36788287e-01 8.75001130e-02 -9.86728278e-01 1.33573032e+01 -1.70366115e-02 9.96151708e-01 8.59740011e-02 -5.98816478e-01 9.90453794e-01 5.05026996e-03 1.37752592e-01 -1.21477567e+01
6.29252007e-01 6.33157070e-02 -7.74617991e-01 1.31241181e+01 -3.07372672e-02 9.97923720e-01 5.65992002e-02 -4.70118129e-01 7.76593286e-01 -1.18055201e-02 6.29891656e-01 -6.20409650e+00
6.03111389e-01 6.21314073e-02 -7.95233513e-01 1.33351607e+01 -2.79088800e-02 9.97995031e-01 5.68068016e-02 -4.61747681e-01 7.97168581e-01 -1.20667523e-02 6.03636188e-01 -6.95696133e+00
3.78571554e-02 8.50778848e-02 -9.95654855e-01 1.69145138e+01 -1.26943424e-02 9.96329636e-01 8.46528754e-02 -8.82862232e-01 9.99202527e-01 9.43446654e-03 3.87982137e-02 -1.24783272e+01
6.72991797e-03 8.63301369e-02 -9.96243854e-01 1.81105533e+01 -1.21941654e-02 9.96199423e-01 8.62439116e-02 -9.59714241e-01 9.99903001e-01 1.15679479e-02 7.75706437e-03 -1.25152751e+01
-2.44528328e-02 8.66590367e-02 -9.95937885e-01 1.93023592e+01 -1.16993331e-02 9.96142745e-01 8.69641108e-02 -1.07315102e+00 9.99632525e-01 1.37783279e-02 -2.33446590e-02 -1.25260976e+01
-5.36583878e-02 8.50823699e-02 -9.94928021e-01 2.04922591e+01 -1.19395730e-02 9.96237540e-01 8.58382791e-02 -1.18189763e+00 9.98487969e-01 1.64849594e-02 -5.24406531e-02 -1.25704988e+01
-8.29002862e-02 8.50961937e-02 -9.92918013e-01 2.16809655e+01 -1.23245116e-02 9.96183853e-01 8.64050793e-02 -1.26622259e+00 9.96481635e-01 1.94002353e-02 -8.15351575e-02 -1.25229201e+01
-1.09846344e-01 8.71600819e-02 -9.90119640e-01 2.28675578e+01 -1.11396513e-02 9.95977228e-01 8.89115852e-02 -1.38696857e+00 9.93886155e-01 2.07962001e-02 -1.08433524e-01 -1.24714493e+01
-1.35478436e-01 9.13071538e-02 -9.86564036e-01 2.40425343e+01 -9.47987928e-03 9.95579466e-01 9.34433481e-02 -1.48229372e+00 9.90734942e-01 2.20120667e-02 -1.34013968e-01 -1.22923920e+01
-1.57957014e-01 9.41534927e-02 -9.82946947e-01 2.52247764e+01 -8.72039595e-03 9.95271930e-01 9.67354102e-02 -1.59258406e+00 9.87407482e-01 2.38517231e-02 -1.56389127e-01 -1.21635073e+01
-1.78061282e-01 9.92578545e-02 -9.79000540e-01 2.64001026e+01 -7.68879661e-03 9.94728921e-01 1.02250950e-01 -1.70755591e+00 9.83989361e-01 2.57342713e-02 -1.76359533e-01 -1.19604950e+01
-1.95294317e-01 1.03771946e-01 -9.75239208e-01 2.75829075e+01 -7.33802960e-03 9.94203992e-01 1.07259386e-01 -1.81154494e+00 9.80717229e-01 2.81034826e-02 -1.93400908e-01 -1.17641477e+01
5.90245209e-01 6.45996851e-02 -8.04634994e-01 1.34688580e+01 -2.93417884e-02 9.97850940e-01 5.85880640e-02 -4.99194159e-01 8.06690556e-01 -1.09718944e-02 5.90872207e-01 -7.95169031e+00
4.44917365e-01 1.40360404e-01 -8.84504096e-01 -7.08151109e+00 4.92806962e-01 7.86296671e-01 3.72664519e-01 -3.09782336e+01 7.47789969e-01 -6.01694692e-01 2.80666459e-01 -4.25919850e+00
4.35268131e-01 1.48637355e-01 -8.87946277e-01 -6.01919083e+00 4.91831038e-01 7.86840186e-01 3.72806586e-01 -3.14179219e+01 7.54084799e-01 -5.98990365e-01 2.69381993e-01 -4.60476235e+00
4.25707486e-01 1.56114011e-01 -8.91292069e-01 -4.94416545e+00 4.91640050e-01 7.87022979e-01 3.72672634e-01 -3.18433810e+01 7.59646759e-01 -5.96844407e-01 2.58289673e-01 -4.94096543e+00
4.16677419e-01 1.62280619e-01 -8.94452307e-01 -3.87742325e+00 4.94154183e-01 7.85433272e-01 3.72701244e-01 -3.23058530e+01 7.63014791e-01 -5.97293542e-01 2.47080662e-01 -5.25932704e+00
4.08446147e-01 1.68180042e-01 -8.97155070e-01 -2.79803690e+00 4.96975198e-01 7.83451027e-01 3.73122153e-01 -3.27606011e+01 7.65628760e-01 -5.98264124e-01 2.36416243e-01 -5.54647848e+00
4.01637244e-01 1.74712464e-01 -8.98978909e-01 -1.70992688e+00 4.98423762e-01 7.81812955e-01 3.74622820e-01 -3.32022378e+01 7.68284633e-01 -5.98534927e-01 2.26924357e-01 -5.82706502e+00
3.96045156e-01 1.78910927e-01 -9.00632619e-01 -6.39206659e-01 4.99669431e-01 7.80907156e-01 3.74852602e-01 -3.36685273e+01 7.70375684e-01 -5.98477145e-01 2.19878175e-01 -6.11592964e+00
3.91638397e-01 1.82442359e-01 -9.01850404e-01 4.62552480e-01 5.00128666e-01 7.80503635e-01 3.75080515e-01 -3.41008484e+01 7.72328093e-01 -5.97937172e-01 2.14430539e-01 -6.36360800e+00
3.88431265e-01 1.86965067e-01 -9.02311042e-01 1.56924873e+00 5.00725131e-01 7.79191254e-01 3.77008399e-01 -3.45434258e+01 7.73560273e-01 -5.98251664e-01 2.09044137e-01 -6.60706027e+00
3.84394231e-01 1.88449077e-01 -9.03730060e-01 2.66864264e+00 5.02413847e-01 7.78568288e-01 3.76047533e-01 -3.49956386e+01 7.74481376e-01 -5.98596999e-01 2.04597732e-01 -6.85871469e+00
5.65363896e-01 6.93081075e-02 -8.21924602e-01 1.37497825e+01 -2.93380426e-02 9.97522730e-01 6.39349916e-02 -5.54359131e-01 8.24319686e-01 -1.20328769e-02 5.65996701e-01 -7.94801630e+00
3.78697252e-01 1.92239801e-01 -9.05335435e-01 4.87780323e+00 5.02329737e-01 7.78881702e-01 3.75510491e-01 -3.58946304e+01 7.77337267e-01 -5.96981702e-01 1.98392592e-01 -7.34603481e+00
3.77160321e-01 1.94311498e-01 -9.05534723e-01 5.98221858e+00 5.00549101e-01 7.79874052e-01 3.75828498e-01 -3.63405819e+01 7.79230832e-01 -5.95012188e-01 1.96875102e-01 -7.57644745e+00
3.73212896e-01 1.95104294e-01 -9.06998593e-01 7.10052694e+00 4.99963302e-01 7.81234684e-01 3.73776758e-01 -3.67705427e+01 7.81504210e-01 -5.92964318e-01 1.94021872e-01 -7.78201518e+00
3.70965204e-01 1.98261553e-01 -9.07236008e-01 8.21732283e+00 5.00156063e-01 7.80488798e-01 3.75074858e-01 -3.72142692e+01 7.82450465e-01 -5.92899311e-01 1.90372468e-01 -7.97241183e+00
3.70166849e-01 1.98756047e-01 -9.07453876e-01 9.32494982e+00 5.00003747e-01 7.80649640e-01 3.74943187e-01 -3.76696552e+01 7.82925767e-01 -5.92521876e-01 1.89591850e-01 -8.20938869e+00
3.68918593e-01 2.00898321e-01 -9.07490461e-01 1.04542878e+01 5.00396481e-01 7.79856869e-01 3.76067315e-01 -3.81045635e+01 7.83263962e-01 -5.92843258e-01 1.87174886e-01 -8.40312218e+00
3.68936150e-01 2.00851264e-01 -9.07493740e-01 1.15690235e+01 5.00879337e-01 7.79505172e-01 3.76153661e-01 -3.85693811e+01 7.82947002e-01 -5.93321546e-01 1.86985389e-01 -8.62922967e+00
3.69013433e-01 1.99774190e-01 -9.07700038e-01 1.26821853e+01 5.02402556e-01 7.78770621e-01 3.75643437e-01 -3.90347816e+01 7.81933986e-01 -5.94648294e-01 1.87009756e-01 -8.85762148e+00
3.71781228e-01 2.00566575e-01 -9.06394929e-01 1.37988984e+01 5.01386890e-01 7.78339504e-01 3.77887288e-01 -3.94894764e+01 7.81274539e-01 -5.94945935e-01 1.88810565e-01 -9.10898723e+00
3.72794583e-01 1.98956998e-01 -9.06333444e-01 1.49138491e+01 5.01190565e-01 7.78837972e-01 3.77119916e-01 -3.99535284e+01 7.80917548e-01 -5.94834032e-01 1.90631206e-01 -9.34018458e+00
5.18640035e-01 7.53106148e-02 -8.51669434e-01 1.41266319e+01 -4.28667746e-02 9.97150783e-01 6.20705768e-02 -5.09788793e-01 8.53917416e-01 4.31603551e-03 5.20390640e-01 -7.54848689e+00
3.75706877e-01 1.97857492e-01 -9.05371059e-01 1.71292582e+01 5.01882604e-01 7.77840600e-01 3.78256332e-01 -4.08930242e+01 7.79075217e-01 -5.96503490e-01 1.92938829e-01 -9.86034596e+00
3.77633667e-01 1.98174434e-01 -9.04499700e-01 1.82319105e+01 5.01766416e-01 7.77178310e-01 3.79768797e-01 -4.13707228e+01 7.78218014e-01 -5.97261056e-01 1.94051419e-01 -1.01191706e+01
3.78097281e-01 1.97470884e-01 -9.04459892e-01 1.93511111e+01 5.01916201e-01 7.77209213e-01 3.79507532e-01 -4.18279943e+01 7.77896248e-01 -5.97453839e-01 1.94746854e-01 -1.03449584e+01
3.79229737e-01 1.98017443e-01 -9.03866085e-01 2.04720726e+01 5.00013351e-01 7.78073940e-01 3.80246753e-01 -4.22869038e+01 7.78570135e-01 -5.96145986e-01 1.96057411e-01 -1.05808457e+01
3.80392156e-01 1.99193591e-01 -9.03118885e-01 2.15899271e+01 4.97544115e-01 7.79090531e-01 3.81402410e-01 -4.27454348e+01 7.79584287e-01 -5.94423972e-01 1.97252328e-01 -1.08299791e+01
3.81597447e-01 2.00471279e-01 -9.02327355e-01 2.27178259e+01 4.97182037e-01 7.78436236e-01 3.83206274e-01 -4.31863729e+01 7.79226161e-01 -5.94851488e-01 1.97378561e-01 -1.10673890e+01
3.82993482e-01 2.01935956e-01 -9.01408821e-01 2.38337328e+01 4.97361336e-01 7.77220216e-01 3.85435387e-01 -4.36502257e+01 7.78426422e-01 -5.95945136e-01 1.97235140e-01 -1.13183329e+01
4.86215240e-01 7.78528316e-02 -8.70364106e-01 1.43621734e+01 -6.67599303e-02 9.96421766e-01 5.18341234e-02 -3.82508346e-01 8.71285173e-01 3.29029063e-02 4.89672898e-01 -7.45307398e+00
4.64156608e-01 7.72122499e-02 -8.82381387e-01 1.44955459e+01 -9.05727118e-02 9.95108862e-01 3.94326897e-02 -2.34786873e-01 8.81110224e-01 6.16167315e-02 4.68879677e-01 -7.51604551e+00
4.55504870e-01 7.64071935e-02 -8.86948281e-01 1.44724850e+01 -1.04559798e-01 9.94005845e-01 3.19316247e-02 -2.32831261e-01 8.84071582e-01 7.81941227e-02 4.60763624e-01 -8.05183535e+00
4.55682632e-01 7.84344872e-02 -8.86679971e-01 1.55809432e+01 -1.05532966e-01 9.93845330e-01 3.36786781e-02 -2.58951265e-01 8.83864318e-01 7.82271782e-02 4.61155480e-01 -8.61638661e+00
4.55948776e-01 7.59506585e-02 -8.86759388e-01 1.66621819e+01 -1.03118314e-01 9.94150096e-01 3.21278647e-02 -3.56929565e-01 8.84012063e-01 7.67924720e-02 4.61113423e-01 -9.22846850e+00
4.54711997e-01 7.67226321e-02 -8.87327807e-01 1.78092127e+01 -1.01855228e-01 9.94225888e-01 3.37697438e-02 -4.15070939e-01 8.84795181e-01 7.50234688e-02 4.59901040e-01 -9.71596845e+00
4.54232716e-01 7.65633755e-02 -8.87587004e-01 1.89169664e+01 -1.01073387e-01 9.94296367e-01 3.40426875e-02 -4.47449704e-01 8.85130956e-01 7.42481224e-02 4.59380459e-01 -1.02883353e+01
4.53096806e-01 7.68033802e-02 -8.88146680e-01 2.00464251e+01 -1.00768406e-01 9.94308925e-01 3.45758691e-02 -4.74440444e-01 8.85747714e-01 7.38309096e-02 4.58257552e-01 -1.08322300e+01
4.50497011e-01 7.74168402e-02 -8.89415019e-01 2.12157223e+01 -1.01329226e-01 9.94229463e-01 3.52159449e-02 -5.01040536e-01 8.87008924e-01 7.42590572e-02 4.55741989e-01 -1.12889464e+01
4.54409931e-01 7.62275069e-02 -8.87525201e-01 1.45259612e+01 -1.05679934e-01 9.93908831e-01 3.12567811e-02 -2.04453321e-01 8.84501762e-01 7.95902127e-02 4.59697761e-01 -9.28380647e+00
4.45966582e-01 7.78082342e-02 -8.91661195e-01 2.35078273e+01 -1.03203956e-01 9.94039852e-01 3.51242943e-02 -5.73287771e-01 8.89079721e-01 7.63587010e-02 4.51338673e-01 -1.22663419e+01
4.46209504e-01 7.55382299e-02 -8.91734857e-01 2.46088341e+01 -1.02682296e-01 9.94172120e-01 3.28350805e-02 -6.04355998e-01 8.89018236e-01 7.69140574e-02 4.51365487e-01 -1.28370517e+01
4.44693341e-01 7.56871626e-02 -8.92479292e-01 2.57059316e+01 -1.02315358e-01 9.94193392e-01 3.33326708e-02 -6.28666433e-01 8.89819869e-01 7.64915217e-02 4.49855140e-01 -1.34018597e+01
4.42528426e-01 7.35501931e-02 -8.93733160e-01 2.67988937e+01 -1.00504984e-01 9.94419510e-01 3.20715801e-02 -6.68554668e-01 8.91104562e-01 7.56320511e-02 4.47451061e-01 -1.39614785e+01
4.41080174e-01 7.58673874e-02 -8.94255232e-01 2.78800839e+01 -1.00806322e-01 9.94303063e-01 3.46338547e-02 -6.82296098e-01 8.91788297e-01 7.48702741e-02 4.46215280e-01 -1.45409049e+01
4.35893405e-01 7.43927957e-02 -8.96918420e-01 2.89948373e+01 -1.02065304e-01 9.94234771e-01 3.28617527e-02 -6.90090529e-01 8.94192157e-01 7.72200297e-02 4.40973303e-01 -1.50552714e+01
4.31068711e-01 7.22117761e-02 -8.99424942e-01 3.00911066e+01 -1.02794279e-01 9.94233167e-01 3.05572419e-02 -7.01462725e-01 8.96444701e-01 7.92834675e-02 4.36005767e-01 -1.55910614e+01
4.28940022e-01 6.94847335e-02 -9.00656610e-01 3.11794691e+01 -1.00978928e-01 9.94476496e-01 2.86313680e-02 -7.36316630e-01 8.97671273e-01 7.86661990e-02 4.33587264e-01 -1.61474659e+01
4.23644644e-01 6.96168731e-02 -9.03149327e-01 3.23193935e+01 -9.95281110e-02 9.94583046e-01 2.99786643e-02 -7.77506311e-01 9.00344029e-01 7.71884458e-02 4.28278617e-01 -1.65996204e+01
4.20927985e-01 7.02022151e-02 -9.04373419e-01 3.34326798e+01 -9.91242831e-02 9.94589904e-01 3.10692785e-02 -7.85838170e-01 9.01661803e-01 7.65674380e-02 4.25609469e-01 -1.71194701e+01
4.49077291e-01 7.11617614e-02 -8.90654585e-01 1.46037190e+01 -1.03374688e-01 9.94267278e-01 2.73176451e-02 -1.51402218e-01 8.87492682e-01 7.98034060e-02 4.53859181e-01 -1.04205158e+01
3.76417603e-01 6.38528086e-02 -9.24247049e-01 4.78437868e+01 -9.68192056e-02 9.94870608e-01 2.93004227e-02 -1.21818859e+00 9.21377138e-01 7.84556701e-02 3.80668988e-01 -2.47618939e+01
3.61279397e-01 6.90366343e-02 -9.29898457e-01 5.19412778e+01 -8.96232914e-02 9.95209305e-01 3.90653967e-02 -4.68555743e+00 9.28140541e-01 6.92270374e-02 3.65735908e-01 -2.85395800e+01
3.78820075e-01 5.64657479e-02 -9.23746161e-01 3.63652144e+01 -7.01351257e-02 9.97018219e-01 3.21828518e-02 -1.14795656e+01 9.22808981e-01 5.25955428e-02 3.81650749e-01 -2.89986865e+01
3.59838568e-01 6.70009597e-02 -9.30605758e-01 4.23354397e+01 -8.94216325e-02 9.95303311e-01 3.70822171e-02 -5.84861368e+00 9.28719536e-01 6.98726742e-02 3.64139854e-01 -2.76069108e+01
3.31302874e-01 7.01324877e-02 -9.40914364e-01 5.23058722e+01 -9.53484291e-02 9.94617196e-01 4.05624264e-02 -4.15023688e+00 9.38694350e-01 7.62762581e-02 3.36206558e-01 -2.38163765e+01
4.95110845e-01 1.87065476e-01 -8.48452567e-01 5.61746071e+01 -2.93013777e-03 9.76900287e-01 2.13675556e-01 -1.57915677e+01 8.68824876e-01 -1.03307002e-01 4.84222054e-01 -2.98463574e+01
5.98010564e-01 2.44363489e-01 -7.63328141e-01 5.99913738e+01 9.14145058e-02 9.25378158e-01 3.67856837e-01 -2.59791364e+01 7.96257969e-01 -2.89761539e-01 5.31047547e-01 -3.35103903e+01
6.39665035e-01 2.60462097e-01 -7.23179189e-01 7.02032395e+01 1.94081057e-01 8.55624683e-01 4.79832205e-01 -3.36204520e+01 7.43748066e-01 -4.47287266e-01 4.96762434e-01 -3.06237966e+01
1.55760090e-01 4.62540069e-02 -9.86711387e-01 1.20933324e+02 -7.91564350e-02 9.96275137e-01 3.42068654e-02 -7.28172773e+00 9.84618227e-01 7.27764913e-02 1.58841208e-01 -1.46316892e+01
1.09877851e-01 4.62959543e-02 -9.92866327e-01 1.36295572e+02 -8.02216349e-02 9.96068864e-01 3.75673711e-02 -7.24892626e+00 9.90702451e-01 7.55215379e-02 1.13159844e-01 -1.12774431e+01
5.59097883e-01 2.92959394e-01 -7.75618689e-01 1.13599484e+02 3.41954831e-01 7.70740163e-01 5.37611844e-01 -3.91390479e+01 7.55298915e-01 -5.65804202e-01 3.30740314e-01 -2.48611508e+01
7.11798821e-02 3.27286548e-02 -9.96926406e-01 1.48070119e+02 -6.38194495e-02 9.97563150e-01 2.81928926e-02 -1.15048186e+01 9.95419762e-01 6.16165277e-02 7.30951521e-02 -3.03756410e+01
6.52909956e-02 5.07823718e-02 -9.96573247e-01 1.48626880e+02 -7.61453561e-02 9.96045825e-01 4.57667948e-02 -9.26193088e+00 9.94956768e-01 7.28962651e-02 6.88996654e-02 -4.85966368e+01
5.91917485e-02 4.64239588e-02 -9.97166562e-01 1.49457463e+02 -7.05223065e-02 9.96616646e-01 4.22121570e-02 -1.14791322e+01 9.95752450e-01 6.78238745e-02 6.22654065e-02 -2.78535695e+01
2.77237834e-01 1.98486398e-01 -9.40075706e-01 1.19825905e+02 5.55972515e-01 7.64838266e-01 3.25448904e-01 -4.45601962e+00 7.83603054e-01 -6.12883004e-01 1.01689123e-01 -1.62025608e+01
-6.38678360e-02 1.20991154e-01 -9.90596810e-01 1.18115480e+02 5.67278300e-01 8.21058155e-01 6.37090037e-02 2.61713998e+01 8.21045815e-01 -5.57875118e-01 -1.21074864e-01 5.38594917e-01
-3.72311427e-01 -1.02506516e-04 -9.28107855e-01 1.01182133e+02 4.15407204e-01 8.94222956e-01 -1.66739794e-01 5.23815839e+01 8.29952442e-01 -4.47621820e-01 -3.32886843e-01 3.99584858e+01
-5.18694594e-01 -1.60882931e-01 -8.39686013e-01 2.80891012e+01 2.15790073e-01 9.25701686e-01 -3.10662248e-01 9.17423593e+01 8.27279011e-01 -3.42334735e-01 -4.45439521e-01 5.71079615e+01
-5.51371823e-01 -2.16523356e-01 -8.05671614e-01 3.67304789e+01 3.64342325e-02 9.58561416e-01 -2.82546561e-01 7.64015091e+01 8.33463652e-01 -1.85142239e-01 -5.20634893e-01 6.27486208e+01
-5.49133447e-01 -3.09069377e-01 -7.76484757e-01 2.77833454e+01 -1.70132878e-01 9.50990166e-01 -2.58210200e-01 6.38675781e+01 8.18234234e-01 -9.68627052e-03 -5.74803371e-01 6.78833494e+01
-4.88031481e-01 -3.75911574e-01 -7.87728229e-01 2.90572597e+01 -3.58238064e-01 9.09251622e-01 -2.11959848e-01 4.94080664e+01 7.95921330e-01 1.78751157e-01 -5.78409250e-01 6.90659866e+01
1.88722153e-01 5.36566584e-02 -9.80563569e-01 9.00932277e+01 -1.09135855e-01 9.93466960e-01 3.33581267e-02 5.22546996e+00 9.75947393e-01 1.00719226e-01 1.93345089e-01 -8.54300667e+01
1.41376631e-01 5.22703736e-02 -9.88574962e-01 1.07346077e+02 -1.04483451e-01 9.93815403e-01 3.76052251e-02 3.01934763e+00 9.84426664e-01 9.79732239e-02 1.45963663e-01 -8.91900223e+01
1.95834319e-01 4.55146741e-02 -9.79580183e-01 8.39660475e+01 -1.16576735e-01 9.92919286e-01 2.28288330e-02 9.01962647e+00 9.73683103e-01 1.09725590e-01 1.99753624e-01 -7.60370271e+01
1.90611208e-01 5.68075233e-02 -9.80020547e-01 8.45653883e+01 -1.64139426e-01 9.86114288e-01 2.52360996e-02 2.58301684e+01 9.67845864e-01 1.56049727e-01 1.97288790e-01 -7.63195326e+01
-4.86493245e-01 -4.60519621e-01 -7.42459427e-01 5.98174606e+01 -4.97713841e-01 8.44510665e-01 -1.97693374e-01 3.09552432e+01 7.18056582e-01 2.73355842e-01 -6.40055723e-01 7.30680428e+01
6.36052146e-02 1.20006906e-02 -9.97902981e-01 1.31667144e+02 -5.60339809e-02 9.98393231e-01 8.43504335e-03 -8.67509493e+00 9.96400808e-01 5.53799638e-02 6.41754621e-02 -8.05061032e+01
-4.09855571e-03 3.74155146e-02 -9.99291389e-01 1.53920745e+02 -1.00709049e-01 9.94203733e-01 3.76380767e-02 2.17552415e+00 9.94907478e-01 1.00791948e-01 -3.06718484e-04 -6.43831139e+01
3.57690464e-02 3.79654490e-02 -9.98638673e-01 1.39030573e+02 -1.08088291e-01 9.93563105e-01 3.39010046e-02 5.40417057e+00 9.93497608e-01 1.06728541e-01 3.96424253e-02 -7.77294535e+01
-7.89395872e-03 2.64826420e-02 -9.99618105e-01 1.53088606e+02 -8.75463724e-02 9.95792501e-01 2.70726427e-02 -5.67427868e-01 9.96129167e-01 8.77266492e-02 -5.54228565e-03 -7.06135991e+01
-1.88236367e-02 2.21816902e-02 -9.99576732e-01 1.55742740e+02 -9.30968554e-02 9.95371567e-01 2.38415365e-02 1.71866962e+00 9.95479104e-01 9.35062349e-02 -1.66714672e-02 -7.03452872e+01
-6.76627015e-03 1.21472766e-02 -9.99903326e-01 1.50765532e+02 -8.94476738e-02 9.95910498e-01 1.27040556e-02 2.43277584e+00 9.95968539e-01 8.95249856e-02 -5.65205384e-03 -8.00711867e+01
-1.72189699e-02 -1.00670421e-02 -9.99801061e-01 1.53616957e+02 -7.03140759e-02 9.97485796e-01 -8.83275270e-03 -1.06854223e+00 9.97376277e-01 7.01479968e-02 -1.78835327e-02 -7.90636937e+01
-2.18889519e-02 1.71414335e-02 -9.99613448e-01 1.54156014e+02 -7.76701034e-02 9.96801957e-01 1.87939965e-02 -3.28104395e+00 9.96738797e-01 7.80514607e-02 -2.04875732e-02 -8.20138280e+01
1.51211765e-01 -7.48560967e-03 -9.88473049e-01 9.02080541e+01 -5.64211328e-02 9.98275769e-01 -1.61908732e-02 -4.72706009e+00 9.86889891e-01 5.82190197e-02 1.50528695e-01 -1.12559546e+02
-6.55012705e-02 -4.61216517e-03 -9.97841827e-01 1.67009091e+02 -9.15641445e-02 9.95798185e-01 1.40782042e-03 4.97028551e+00 9.93642587e-01 9.14587473e-02 -6.56483552e-02 -7.55151888e+01
-5.74325071e-01 -5.10243932e-01 -6.40157670e-01 4.14381667e+01 -5.20310140e-01 8.31240560e-01 -1.95745985e-01 1.24541033e+01 6.32003221e-01 2.20658700e-01 -7.42887385e-01 3.97675222e+01
-4.90889430e-03 -2.18565311e-02 -9.99749066e-01 1.45150810e+02 -6.37595883e-02 9.97733677e-01 -2.14994030e-02 2.38447737e-01 9.97953214e-01 6.36380505e-02 -6.29133259e-03 -1.01551759e+02
1.68242298e-01 -3.58836713e-02 -9.85092326e-01 8.11496421e+01 -6.26082297e-02 9.96930534e-01 -4.70076549e-02 5.11055708e+00 9.83755426e-01 6.95835626e-02 1.65479271e-01 -1.37381363e+02
-4.84965187e-02 -5.41722340e-02 -9.97353226e-01 1.58210642e+02 -3.51846250e-02 9.98001079e-01 -5.24965627e-02 -3.78209712e+00 9.98203451e-01 3.25455987e-02 -5.03056077e-02 -1.03897935e+02
3.95450996e-02 -5.64413764e-02 -9.97622452e-01 1.27662342e+02 -3.27000415e-02 9.97795544e-01 -5.77473775e-02 -3.79794775e+00 9.98682578e-01 3.49059214e-02 3.76122888e-02 -1.28672629e+02
-7.33379881e-02 3.09141215e-02 -9.96827897e-01 1.64159657e+02 -1.31059641e-01 9.90552523e-01 4.03617430e-02 1.34389056e+01 9.88658136e-01 1.33603956e-01 -6.85935355e-02 -9.71111057e+01
-1.39992106e-01 -1.39012450e-02 -9.90055032e-01 1.84005653e+02 -1.30671692e-01 9.91415225e-01 4.55641279e-03 1.74054038e+01 9.81492292e-01 1.30010028e-01 -1.40606804e-01 -7.43492862e+01
-1.00045396e-01 -1.43020533e-02 -9.94880078e-01 1.71289706e+02 -1.36437184e-01 9.90648587e-01 -5.21064554e-04 2.19192322e+01 9.85583996e-01 1.35686506e-01 -1.01061162e-01 -1.09102115e+02
-8.72421820e-02 -2.40133899e-02 -9.95897665e-01 1.66501882e+02 -9.20436894e-02 9.95627319e-01 -1.59437011e-02 9.26593636e+00 9.91925784e-01 9.02751320e-02 -8.90709807e-02 -1.07902786e+02
-7.76289981e-02 -1.79536060e-01 -9.80683711e-01 1.61833610e+02 2.52403862e-02 9.82982868e-01 -1.81954952e-01 -3.11079782e+00 9.96662762e-01 -3.88778162e-02 -7.17764156e-02 -1.26644255e+02
2.39056271e-01 -1.37013510e-02 -9.70909044e-01 4.76827806e+01 -7.65644832e-02 9.96521209e-01 -3.29144186e-02 8.77078007e+00 9.67982427e-01 8.22055474e-02 2.37175608e-01 -1.85251329e+02
-5.23917610e-01 -4.39228922e-01 -7.29786470e-01 4.62693852e+01 -4.65072626e-01 8.65314153e-01 -1.86919420e-01 1.15716659e+01 7.13594976e-01 2.41473334e-01 -6.57626671e-01 3.31709741e+01
2.09348189e-01 -2.34858377e-03 -9.77838340e-01 5.85193377e+01 -8.09364937e-02 9.96524135e-01 -1.97213875e-02 8.12726621e+00 9.74485823e-01 8.32714434e-02 2.08430437e-01 -1.86993778e+02
2.64906526e-01 -2.14867053e-02 -9.64034675e-01 3.63761473e+01 -5.13361428e-02 9.98019649e-01 -3.63508017e-02 4.81698635e-01 9.62906607e-01 5.91193863e-02 2.63278873e-01 -1.99932258e+02
7.39368732e-02 9.01025099e-02 -9.93184211e-01 1.10174386e+02 3.16768028e-02 9.95195374e-01 9.26431208e-02 -4.66695750e+01 9.96759710e-01 -3.83106431e-02 7.07274747e-02 -1.37697704e+02
1.50369603e-01 -3.01134083e-02 -9.88171121e-01 8.01481405e+01 -9.91590066e-02 9.94036239e-01 -4.53811274e-02 1.92180401e+01 9.83644486e-01 1.04810009e-01 1.46486819e-01 -1.95106074e+02
-3.95368814e-02 -3.92834781e-02 -9.98445614e-01 1.49594436e+02 -1.23573244e-01 9.91748468e-01 -3.41266746e-02 2.65973650e+01 9.91547522e-01 1.22031901e-01 -4.40650283e-02 -1.73059551e+02
1.05756010e-01 -2.26341414e-02 -9.94134479e-01 9.71280691e+01 -9.32737207e-02 9.95107350e-01 -3.25787483e-02 1.54055082e+01 9.90007919e-01 9.61720201e-02 1.03127412e-01 -1.86946883e+02
-6.70882252e-03 -3.62978567e-02 -9.99318496e-01 1.37212205e+02 -1.29443503e-01 9.90964472e-01 -3.51254110e-02 2.91179209e+01 9.91564103e-01 1.29119636e-01 -1.13467265e-02 -1.81263015e+02
-4.62183589e-02 -2.95124164e-02 -9.98495308e-01 1.50473004e+02 -1.13307551e-01 9.93267314e-01 -2.41131123e-02 2.23377270e+01 9.92484389e-01 1.12022589e-01 -4.92511648e-02 -1.82217560e+02
4.21246013e-01 -3.77288462e-02 -9.06161316e-01 -2.75798012e+01 1.15613658e-02 9.99276553e-01 -3.62312665e-02 -2.11597633e+01 9.06872721e-01 4.78581407e-03 4.21377461e-01 -2.04193635e+02
4.54890633e-01 -3.99355266e-02 -8.89651429e-01 -4.21904703e+01 4.16208654e-03 9.99078438e-01 -4.27194608e-02 -1.78454085e+01 8.90537584e-01 1.57298763e-02 4.54637638e-01 -2.06750598e+02
2.35678541e-01 -2.27497898e-02 -9.71564755e-01 4.57686267e+01 -1.07135756e-01 9.93024303e-01 -4.92408690e-02 2.20154456e+01 9.65907633e-01 1.15694341e-01 2.31597203e-01 -2.08000354e+02
-4.38655233e-01 3.61742832e-02 8.97927061e-01 3.64154372e+01 1.92689802e-02 -9.98581155e-01 4.96425583e-02 8.45424725e+00 8.98448826e-01 3.90781067e-02 4.37335808e-01 -5.16237474e+02
-1.34512699e-01 -4.62801687e-02 -9.89830531e-01 1.78361548e+02 -1.55197671e-01 9.87564930e-01 -2.50837019e-02 3.79040300e+01 9.78682797e-01 1.50245316e-01 -1.40022598e-01 -1.86455554e+02
6.62709002e-01 -6.61902016e-02 -7.45946134e-01 -1.36362949e+02 2.39641723e-02 9.97450554e-01 -6.72168918e-02 -2.05021451e+01 7.48493485e-01 2.66692576e-02 6.62605655e-01 -2.03543118e+02
1.23947823e-02 -2.68438004e-03 9.99919579e-01 -1.35247553e+02 1.98226443e-02 -9.99799219e-01 -2.92977404e-03 1.40382605e+01 9.99726679e-01 1.98573640e-02 -1.23390822e-02 -4.50350051e+02
7.47910140e-02 2.56379013e-02 -9.96869601e-01 1.03298852e+02 1.00489860e-01 9.94386892e-01 3.31133896e-02 -6.08580700e+01 9.92123023e-01 -1.02651871e-01 7.17948549e-02 -2.15584928e+02
-1.33519667e-01 -1.04220893e-01 -9.85550863e-01 1.75934411e+02 -3.31430795e-01 9.41892371e-01 -5.47027420e-02 1.04275927e+02 9.33984008e-01 3.19338015e-01 -1.60303169e-01 -1.80920722e+02
1.60645755e-01 -3.45120541e-02 -9.86408566e-01 6.87510577e+01 1.68419540e-01 9.85690134e-01 -7.05823872e-03 -7.97721514e+01 9.72536786e-01 -1.64996601e-01 1.64159440e-01 -2.33544362e+02
-8.59758620e-02 -5.64535561e-02 -9.94696510e-01 1.57780523e+02 -1.30726247e-01 9.90400774e-01 -4.49105264e-02 3.10742374e+01 9.87683552e-01 1.26171720e-01 -9.25305217e-02 -1.98589751e+02
8.35121927e-02 -3.15851133e-02 -9.96006071e-01 9.63063162e+01 -7.37820902e-02 9.96558173e-01 -3.77890336e-02 1.02456259e+01 9.93771562e-01 7.66432549e-02 8.08943425e-02 -2.34874310e+02
8.07392802e-02 -3.28499095e-02 -9.96193782e-01 9.75199048e+01 -7.30733472e-02 9.96572137e-01 -3.87848174e-02 1.02862378e+01 9.94053044e-01 7.59266724e-02 7.80620642e-02 -2.35047885e+02
-4.58210112e-03 1.47817770e-02 -9.99880245e-01 1.28868081e+02 -8.21227415e-02 9.96507700e-01 1.51082586e-02 7.39894154e+00 9.96611690e-01 8.21821344e-02 -3.35217900e-03 -2.25446872e+02
1.08949302e-02 -1.26112775e-02 -9.99861118e-01 1.22863825e+02 -6.02474727e-02 9.98095586e-01 -1.32454920e-02 2.56050046e+00 9.98124012e-01 6.03834142e-02 1.01143842e-02 -2.30713327e+02
2.98130885e-03 4.54329063e-03 -9.99985235e-01 1.25000441e+02 -7.57556758e-02 9.97117119e-01 4.30440535e-03 6.44743893e+00 9.97121953e-01 7.57417245e-02 3.31689415e-03 -2.33768836e+02
-8.27350781e-03 -3.46043846e-03 -9.99959786e-01 1.28793242e+02 -5.94628002e-02 9.98226126e-01 -2.96245327e-03 1.27705702e+00 9.98196235e-01 5.94358991e-02 -8.46459901e-03 -2.35412351e+02
-2.09465309e-02 -4.58071108e-03 -9.99770104e-01 1.33017662e+02 -5.26034958e-02 9.98609437e-01 -3.47327906e-03 -1.05003253e+00 9.98395771e-01 5.25186493e-02 -2.11583649e-02 -2.36840163e+02
-3.20937388e-02 3.02467892e-04 -9.99484818e-01 1.36609415e+02 -5.30077988e-02 9.98592087e-01 2.00429307e-03 -1.46818427e+00 9.98078236e-01 5.30448154e-02 -3.20325205e-02 -2.38515623e+02
-3.55518052e-02 -3.76077691e-02 -9.98659965e-01 1.38171324e+02 1.36004647e-02 9.99180933e-01 -3.81115577e-02 -2.17205296e+01 9.99275286e-01 -1.49371742e-02 -3.50112027e-02 -2.37975652e+02
-2.14646393e-02 -7.04612324e-03 -9.99744778e-01 1.31645713e+02 -3.72825206e-02 9.99285267e-01 -6.24242449e-03 -5.91729101e+00 9.99074213e-01 3.71390139e-02 -2.17119950e-02 -2.46661098e+02
-4.33081465e-02 3.77998988e-03 -9.99054611e-01 1.39482225e+02 -6.20853984e-02 9.98049886e-01 6.46753634e-03 1.82298651e+00 9.97130788e-01 6.23068006e-02 -4.29890085e-02 -2.45897587e+02
-9.75839668e-03 9.80379686e-04 -9.99951905e-01 1.26600144e+02 -4.99354281e-02 9.98751372e-01 1.46651580e-03 -1.69853692e+00 9.98704775e-01 4.99473373e-02 -9.69725639e-03 -2.58077307e+02
-3.75372485e-02 -1.40576513e-03 -9.99294240e-01 1.36550738e+02 -4.57550549e-02 9.98952640e-01 3.13447296e-04 -3.22965885e+00 9.98247179e-01 4.57345287e-02 -3.75622543e-02 -2.56308900e+02
-2.87897011e-02 4.12029238e-03 -9.99576999e-01 1.32866993e+02 -4.99792530e-02 9.98734800e-01 5.55631748e-03 -2.05293141e+00 9.98335228e-01 5.01180764e-02 -2.85473473e-02 -2.61953592e+02
-1.93124271e-02 2.35645407e-04 -9.99813470e-01 1.28971193e+02 -5.36583895e-02 9.98558541e-01 1.27181670e-03 1.27177690e-01 9.98372579e-01 5.36729425e-02 -1.92719447e-02 -2.68119157e+02
-5.12917902e-02 -2.54838028e-03 -9.98680458e-01 1.40606043e+02 -4.71722201e-02 9.98886763e-01 -1.26162189e-04 -2.27211599e+00 9.97569012e-01 4.71035033e-02 -5.13549031e-02 -2.65341799e+02
-9.55239959e-02 -8.48405736e-03 -9.95390972e-01 1.56699841e+02 -7.96161202e-02 9.96825231e-01 -8.55816985e-04 1.02970610e+01 9.92238096e-01 7.91674162e-02 -9.58961970e-02 -2.59830868e+02
-1.04242268e-01 -7.62205817e-03 -9.94522727e-01 1.59733743e+02 -8.54529556e-02 9.96341331e-01 1.32087314e-03 1.21965710e+01 9.90874029e-01 8.51225972e-02 -1.04512208e-01 -2.62250021e+02
-1.05776631e-01 -8.88229138e-03 -9.94350245e-01 1.60947076e+02 -8.47832999e-02 9.96399407e-01 1.18451160e-04 1.21706866e+01 9.90768942e-01 8.43168244e-02 -1.06148842e-01 -2.62198200e+02
-1.29775099e-01 -1.43762951e-02 -9.91439230e-01 1.68868048e+02 -1.42828103e-01 9.89737977e-01 4.34395357e-03 3.37781637e+01 9.81202607e-01 1.42169121e-01 -1.30496683e-01 -2.63312665e+02
-1.31031209e-01 -1.86866814e-02 -9.91202114e-01 1.70086117e+02 -1.43131885e-01 9.89703589e-01 2.62780133e-04 3.37701180e+01 9.80991379e-01 1.41907059e-01 -1.32356717e-01 -2.63217326e+02
-1.33650469e-01 -1.97663698e-02 -9.90831390e-01 1.71304061e+02 -1.43424886e-01 9.89661126e-01 -3.96843053e-04 3.37644787e+01 9.80595153e-01 1.42056841e-01 -1.35103663e-01 -2.63070017e+02
-1.35489419e-01 -2.32535919e-02 -9.90505875e-01 1.72524799e+02 -1.44030244e-01 9.89566990e-01 -3.52992639e-03 3.37500117e+01 9.80254001e-01 1.42184535e-01 -1.37425077e-01 -2.62914522e+02
-1.36999381e-01 -2.71014893e-02 -9.90200323e-01 1.73751413e+02 -1.43170591e-01 9.89671260e-01 -7.27861084e-03 3.37618828e+01 9.80170063e-01 1.40770400e-01 -1.39464486e-01 -2.62793375e+02
-1.42013664e-01 -2.85055340e-02 -9.89454170e-01 1.74961204e+02 -1.39696569e-01 9.90158085e-01 -8.47554506e-03 3.37504696e+01 9.79957646e-01 1.37019709e-01 -1.44598103e-01 -2.62544956e+02
-3.69646098e-02 -2.13196587e-02 -9.99089130e-01 1.32077955e+02 -8.82771303e-02 9.95933554e-01 -1.79862169e-02 1.54906822e+01 9.95409848e-01 8.75318678e-02 -3.86963335e-02 -2.70101036e+02
-4.16933097e-02 -2.61697314e-02 -9.98787672e-01 1.33313462e+02 -8.87965523e-02 9.95798222e-01 -2.23846875e-02 1.55025076e+01 9.95176788e-01 8.77556100e-02 -4.38419056e-02 -2.70048359e+02
-4.22584096e-02 -3.13561197e-02 -9.98614551e-01 1.34546018e+02 -9.07546685e-02 9.95495785e-01 -2.74177229e-02 1.55598416e+01 9.94976290e-01 8.94703032e-02 -4.49137829e-02 -2.70157373e+02
-4.90700825e-02 -3.53709472e-02 -9.98168835e-01 1.35784448e+02 -9.07502379e-02 9.95396931e-01 -3.08114314e-02 1.55737080e+01 9.94664024e-01 8.90721398e-02 -5.20541314e-02 -2.70100073e+02
-5.27485244e-02 -3.81101784e-02 -9.97880357e-01 1.37022607e+02 -8.92781509e-02 9.95449974e-01 -3.32980654e-02 1.55944925e+01 9.94608971e-01 8.73324893e-02 -5.59109235e-02 -2.70063798e+02
-5.81305594e-02 -3.61563711e-02 -9.97654026e-01 1.38257596e+02 -8.89867419e-02 9.95553537e-01 -3.08952335e-02 1.56378725e+01 9.94335053e-01 8.69820241e-02 -6.10895216e-02 -2.69970016e+02
-6.29048774e-02 -3.51601578e-02 -9.97399990e-01 1.39492352e+02 -8.90632970e-02 9.95589627e-01 -2.94792189e-02 1.56972383e+01 9.94037578e-01 8.69773449e-02 -6.57589230e-02 -2.69910919e+02
-6.46460698e-02 -3.58636708e-02 -9.97263597e-01 1.40726947e+02 -8.89741729e-02 9.95580967e-01 -3.00355469e-02 1.57426210e+01 9.93933842e-01 8.67890237e-02 -6.75513372e-02 -2.69910521e+02
-6.70457550e-02 -3.41413970e-02 -9.97165599e-01 1.41961419e+02 -9.11881722e-02 9.95441333e-01 -2.79512028e-02 1.58147126e+01 9.93574146e-01 8.90556989e-02 -6.98534073e-02 -2.69858467e+02
-7.08848841e-02 -3.84096216e-02 -9.96744719e-01 1.43197618e+02 -9.16986798e-02 9.95277895e-01 -3.18318186e-02 1.58434964e+01 9.93260633e-01 8.91437801e-02 -7.40722698e-02 -2.69790280e+02
-7.59824956e-02 -4.00815034e-02 -9.96303234e-01 1.44432086e+02 -9.28846485e-02 9.95131500e-01 -3.29505698e-02 1.59160287e+01 9.92773440e-01 9.00376091e-02 -7.93355311e-02 -2.69716779e+02
-8.08136385e-02 -4.10828808e-02 -9.95882198e-01 1.45669542e+02 -9.31482115e-02 9.95088809e-01 -3.34913799e-02 1.59665140e+01 9.92367153e-01 9.00580854e-02 -8.42435442e-02 -2.69615625e+02
-8.66818041e-02 -3.69367527e-02 -9.95551074e-01 1.46907568e+02 -9.33455722e-02 9.95217236e-01 -2.87968453e-02 1.60317209e+01 9.91853250e-01 9.04341222e-02 -8.97151078e-02 -2.69483579e+02
-9.38349605e-02 -3.83343421e-02 -9.94849475e-01 1.48145119e+02 -9.47900654e-02 9.95062999e-01 -2.94018986e-02 1.60745667e+01 9.91065005e-01 9.15429208e-02 -9.70054120e-02 -2.69325840e+02
-9.96462153e-02 -4.39812058e-02 -9.94050444e-01 1.49381837e+02 -9.44812712e-02 9.94926962e-01 -3.45489372e-02 1.60835631e+01 9.90527093e-01 9.04764787e-02 -1.03296106e-01 -2.69160513e+02
-1.04879489e-01 -4.53719732e-02 -9.93449383e-01 1.50613829e+02 -9.56061188e-02 9.94791713e-01 -3.53400412e-02 1.61355576e+01 9.89878661e-01 9.12733943e-02 -1.08671085e-01 -2.69007905e+02
-1.08199871e-01 -4.69342390e-02 -9.93020627e-01 1.51842614e+02 -9.58444716e-02 9.94724264e-01 -3.65715132e-02 1.61783588e+01 9.89498168e-01 9.12185043e-02 -1.12127424e-01 -2.68859117e+02
-1.15249980e-01 -4.97256885e-02 -9.92091124e-01 1.53067985e+02 -9.72600187e-02 9.94512194e-01 -3.85484634e-02 1.62425473e+01 9.88563569e-01 9.20480916e-02 -1.19453832e-01 -2.68664531e+02
-1.17061516e-01 -5.40394866e-02 -9.91653334e-01 1.54304836e+02 -9.63668486e-02 9.94424623e-01 -4.28147068e-02 1.62971972e+01 9.88438178e-01 9.05505522e-02 -1.21616469e-01 -2.68506802e+02
-1.19837480e-01 -5.74287667e-02 -9.91131129e-01 1.55543913e+02 -9.50908996e-02 9.94399617e-01 -4.61207286e-02 1.63539920e+01 9.88229072e-01 8.87205588e-02 -1.24627298e-01 -2.68341110e+02
-1.22708104e-01 -5.86687619e-02 -9.90707170e-01 1.56786454e+02 -9.65231204e-02 9.94224137e-01 -4.69217660e-02 1.64336839e+01 9.87737824e-01 8.98684666e-02 -1.27662251e-01 -2.68196196e+02
-1.23752176e-01 -5.55340398e-02 -9.90757977e-01 1.58030517e+02 -9.67819359e-02 9.94348145e-01 -4.36465770e-02 1.65089471e+01 9.87582227e-01 9.04861161e-02 -1.28427438e-01 -2.68074213e+02
-1.28444513e-01 -5.55203734e-02 -9.90161348e-01 1.59262930e+02 -9.63415592e-02 9.94407759e-01 -4.32609751e-02 1.65735443e+01 9.87025993e-01 8.98370532e-02 -1.33075140e-01 -2.67861087e+02
6.60570612e-01 -2.39125257e-01 7.11663950e-01 -2.82634717e+14 -9.51806427e-02 -9.66944951e-01 -2.36554660e-01 -1.52748805e+14 7.44706057e-01 8.85244247e-02 -6.61495514e-01 8.12068383e+14
6.76764804e-01 -6.23290103e-01 -3.91789291e-01 -7.56538136e+14 7.35283603e-01 5.98792952e-01 3.17498069e-01 -4.10131166e+14 3.67072616e-02 -5.02947760e-01 8.63536987e-01 2.04150418e+15
6.74932272e-01 -6.22820410e-01 -3.95678109e-01 -7.56538136e+14 7.36790536e-01 5.97972369e-01 3.15545166e-01 -4.10131166e+14 4.00766064e-02 -5.04503502e-01 8.62479033e-01 2.04150418e+15
6.74695608e-01 -6.24046532e-01 -3.94146879e-01 -7.56538136e+14 7.37083350e-01 5.97624174e-01 3.15520970e-01 -4.10131166e+14 3.86519352e-02 -5.03399715e-01 8.63188714e-01 2.04150418e+15
6.74638725e-01 -6.22399628e-01 -3.96839128e-01 -7.56538136e+14 7.37019225e-01 5.97700469e-01 3.15526245e-01 -4.10131166e+14 4.08075149e-02 -5.05344290e-01 8.61952374e-01 2.04150418e+15
6.74557509e-01 -6.19100501e-01 -4.02102893e-01 -7.56538136e+14 7.36788335e-01 5.98543593e-01 3.14465447e-01 -4.10131166e+14 4.59903948e-02 -5.08389750e-01 8.59898102e-01 2.04150418e+15
6.73915646e-01 -6.16790936e-01 -4.06702156e-01 -7.56538136e+14 7.37103490e-01 5.98692324e-01 3.13442095e-01 -4.10131166e+14 5.01612158e-02 -5.11015110e-01 8.58106875e-01 2.04150418e+15
6.71415777e-01 -6.17211381e-01 -4.10184063e-01 -7.56538136e+14 7.39278498e-01 5.96409811e-01 3.12670177e-01 -4.10131166e+14 5.16542078e-02 -5.13171948e-01 8.56730060e-01 2.04150418e+15
6.63886057e-01 -6.22010070e-01 -4.15161144e-01 -7.56538136e+14 7.46148125e-01 5.88194794e-01 3.11913226e-01 -4.10131166e+14 5.01824565e-02 -5.16846551e-01 8.54605970e-01 2.04150418e+15
6.56573289e-01 -6.19239904e-01 -4.30643074e-01 -7.56538136e+14 7.52371895e-01 5.78084302e-01 3.15840264e-01 -4.10131166e+14 5.33671060e-02 -5.31376026e-01 8.45453411e-01 2.04150418e+15
3.10432191e-01 3.15595131e-01 8.96678074e-01 -2.59067856e+02 -8.07778110e-02 -9.31110644e-01 3.55679510e-01 6.15516669e+01 9.47157220e-01 -1.82846062e-01 -2.63553633e-01 4.56162734e+02
3.26197945e-01 3.05082778e-01 8.94717497e-01 -2.60053322e+02 -8.48693471e-02 -9.33215061e-01 3.49151605e-01 6.14571201e+01 9.41483985e-01 -1.89826626e-01 -2.78520660e-01 4.55458149e+02
3.24802208e-01 3.06768679e-01 8.94648815e-01 -2.61127505e+02 -9.50150650e-02 -9.30566236e-01 3.53579720e-01 6.10067262e+01 9.40997164e-01 -1.99848589e-01 -2.73102322e-01 4.55793475e+02
3.21728615e-01 3.12832427e-01 8.93659091e-01 -2.62216916e+02 -1.01249863e-01 -9.27062188e-01 3.60976681e-01 6.05918408e+01 9.41402764e-01 -2.06619388e-01 -2.66588194e-01 4.56112772e+02
3.14749711e-01 3.17757355e-01 8.94406442e-01 -2.63272925e+02 -1.02876908e-01 -9.25327378e-01 3.64946004e-01 6.01336676e+01 9.43583044e-01 -2.06880418e-01 -2.58556630e-01 4.56471201e+02
3.07512432e-01 3.18362587e-01 8.96705842e-01 -2.64319077e+02 -1.03670232e-01 -9.25550209e-01 3.64155589e-01 5.96684418e+01 9.45879795e-01 -2.04944073e-01 -2.51613472e-01 4.56843918e+02
3.01948953e-01 3.13394292e-01 9.00339296e-01 -2.65410427e+02 -1.03815726e-01 -9.27994868e-01 3.57837702e-01 5.92171565e+01 9.47654539e-01 -2.01518096e-01 -2.47671822e-01 4.57061424e+02
2.98763616e-01 3.09265437e-01 9.02826224e-01 -2.66483900e+02 -1.00982310e-01 -9.30478148e-01 3.52154781e-01 5.87722995e+01 9.48969375e-01 -1.96380513e-01 -2.46762678e-01 4.57352049e+02
2.95131225e-01 3.11244778e-01 9.03340605e-01 -2.67556288e+02 -9.78304952e-02 -9.30641155e-01 3.52613435e-01 5.83385778e+01 9.50435034e-01 -1.92441494e-01 -2.44212033e-01 4.57646453e+02
2.91578307e-01 3.13462131e-01 9.03727604e-01 -2.68598335e+02 -9.67959451e-02 -9.30262398e-01 3.53896053e-01 5.79013503e+01 9.51636819e-01 -1.90665579e-01 -2.40902472e-01 4.58019259e+02
2.84722577e-01 3.13675366e-01 9.05837082e-01 -2.69668828e+02 -9.79418120e-02 -9.30484620e-01 3.52995429e-01 5.74906370e+01 9.53593444e-01 -1.89225093e-01 -2.34208045e-01 4.58326782e+02
2.82021855e-01 3.14997369e-01 9.06223113e-01 -2.70726079e+02 -9.94049544e-02 -9.29887383e-01 3.54158313e-01 5.70416819e+01 9.54244376e-01 -1.89963452e-01 -2.30936266e-01 4.58619498e+02
2.67244786e-01 3.18082146e-01 9.09617487e-01 -2.71197317e+02 -9.79651613e-02 -9.30091417e-01 3.54023705e-01 5.67628587e+01 9.58636037e-01 -1.83721813e-01 -2.17401113e-01 4.59671978e+02
2.62888428e-01 3.19270418e-01 9.10470249e-01 -2.72262003e+02 -9.82852337e-02 -9.29891604e-01 3.54459613e-01 5.63244804e+01 9.59807109e-01 -1.82669112e-01 -2.13078175e-01 4.59941466e+02
2.61339023e-01 3.21397013e-01 9.10168048e-01 -2.73355000e+02 -9.75534959e-02 -9.29315295e-01 3.56169057e-01 5.59121055e+01 9.60304759e-01 -1.81870948e-01 -2.11512950e-01 4.60120937e+02
2.56104767e-01 3.21614404e-01 9.11578040e-01 -2.74425576e+02 -9.97581071e-02 -9.29200254e-01 3.55858410e-01 5.54839172e+01 9.61487737e-01 -1.82074335e-01 -2.05888970e-01 4.60387965e+02
2.52691666e-01 3.21648203e-01 9.12518140e-01 -2.75524265e+02 -1.01971933e-01 -9.29019634e-01 3.55702467e-01 5.50648213e+01 9.62158327e-01 -1.82934288e-01 -2.01956430e-01 4.60519440e+02
2.44022931e-01 3.21056133e-01 9.15082383e-01 -2.75404519e+02 -1.04992646e-01 -9.29315161e-01 3.54047844e-01 5.47888763e+01 9.64069164e-01 -1.82472714e-01 -1.93065677e-01 4.61660629e+02
2.36414343e-01 3.24021261e-01 9.16034104e-01 -2.74835720e+02 -1.02820294e-01 -9.29123156e-01 3.55187484e-01 5.51241990e+01 9.66196794e-01 -1.78158311e-01 -1.86342079e-01 4.60684688e+02
2.29736832e-01 3.29961334e-01 9.15612640e-01 -2.75879954e+02 -9.86116669e-02 -9.28042563e-01 3.59183436e-01 5.46709321e+01 9.68244146e-01 -1.72807753e-01 -1.80667521e-01 4.60981281e+02
2.19340537e-01 3.35751009e-01 9.16057306e-01 -2.76505227e+02 -9.57434050e-02 -9.26982414e-01 3.62680029e-01 5.42869181e+01 9.70939199e-01 -1.67256878e-01 -1.71178876e-01 4.61898938e+02
2.05442538e-01 3.39598741e-01 9.17859498e-01 -2.76856363e+02 -9.43962845e-02 -9.26616046e-01 3.63967094e-01 5.40248949e+01 9.74106106e-01 -1.61416850e-01 -1.58309493e-01 4.62990621e+02
2.00809544e-01 3.42977965e-01 9.17628270e-01 -2.75951816e+02 -9.31870065e-02 -9.25773343e-01 3.66414929e-01 5.42908419e+01 9.75188038e-01 -1.59090646e-01 -1.53943033e-01 4.63692838e+02
1.99593765e-01 3.45800846e-01 9.16833738e-01 -2.77025505e+02 -9.15782707e-02 -9.24982213e-01 3.68810690e-01 5.38448634e+01 9.75589949e-01 -1.57574363e-01 -1.52952839e-01 4.63868576e+02
1.93962185e-01 3.49576445e-01 9.16610593e-01 -2.78086231e+02 -8.88157517e-02 -9.24260239e-01 3.71287992e-01 5.34264294e+01 9.76980262e-01 -1.53425289e-01 -1.48223640e-01 4.64159884e+02
1.95345027e-01 3.48087224e-01 9.16883638e-01 -2.79171827e+02 -9.15137595e-02 -9.24346255e-01 3.70417647e-01 5.29774244e+01 9.76455607e-01 -1.56266714e-01 -1.48711673e-01 4.64299528e+02
1.94776867e-01 3.45499249e-01 9.17982702e-01 -2.80243242e+02 -9.56530683e-02 -9.24755745e-01 3.68344000e-01 5.25196002e+01 9.76172353e-01 -1.59552752e-01 -1.47072963e-01 4.64534552e+02
1.95015732e-01 3.41291889e-01 9.19504601e-01 -2.81304723e+02 -1.01915863e-01 -9.25378083e-01 3.65087059e-01 5.20518665e+01 9.75490657e-01 -1.64909825e-01 -1.45680227e-01 4.64804120e+02
1.97956928e-01 3.37471294e-01 9.20285923e-01 -2.82397074e+02 -1.06786195e-01 -9.25852577e-01 3.62482709e-01 5.16024054e+01 9.74376602e-01 -1.70029796e-01 -1.47241656e-01 4.64950496e+02
2.03612383e-01 3.43102499e-01 9.16963834e-01 -2.83496881e+02 -1.03797876e-01 -9.23740377e-01 3.68686476e-01 5.11545881e+01 9.73533769e-01 -1.70248030e-01 -1.52471669e-01 4.65067766e+02
2.05613034e-01 3.50231814e-01 9.13816698e-01 -2.84597898e+02 -9.69568754e-02 -9.21883831e-01 3.75139395e-01 5.07046884e+01 9.73818589e-01 -1.65734361e-01 -1.55593949e-01 4.65225622e+02
2.07623602e-01 3.54066089e-01 9.11882473e-01 -2.85688204e+02 -9.47397960e-02 -9.20535557e-01 3.78996913e-01 5.02401682e+01 9.73610194e-01 -1.65080264e-01 -1.57580759e-01 4.65429599e+02
2.09664169e-01 3.55376291e-01 9.10905389e-01 -2.86775062e+02 -9.29281365e-02 -9.20152451e-01 3.80373275e-01 4.97709902e+01 9.73347470e-01 -1.64399387e-01 -1.59898542e-01 4.65662358e+02
2.10683599e-01 3.53434692e-01 9.11425444e-01 -2.87854264e+02 -9.43977359e-02 -9.20639920e-01 3.78828728e-01 4.92892242e+01 9.72985862e-01 -1.65849498e-01 -1.60600297e-01 4.65902577e+02
2.18346904e-01 3.51680728e-01 9.10299563e-01 -2.88968814e+02 -9.50219011e-02 -9.20712615e-01 3.78495865e-01 4.88395175e+01 9.71233992e-01 -1.69141795e-01 -1.67617378e-01 4.65966723e+02
5.38418917e-01 -8.24691453e-01 1.73173547e-01 1.27185431e+15 8.41134167e-01 5.38393245e-01 -5.12447778e-02 1.59600693e+14 -5.09743377e-02 1.73253345e-01 9.83557266e-01 2.62481042e+15
5.32813675e-01 -8.27824977e-01 1.75543141e-01 1.27185431e+15 8.44652627e-01 5.32920758e-01 -5.05707932e-02 1.59600693e+14 -5.16868183e-02 1.75217786e-01 9.83172010e-01 2.62481042e+15
5.24962650e-01 -8.32287280e-01 1.78078917e-01 1.27185431e+15 8.49531930e-01 5.25179026e-01 -4.98245962e-02 1.59600693e+14 -5.20549344e-02 1.77439778e-01 9.82753992e-01 2.62481042e+15
5.18949540e-01 -8.36114945e-01 1.77772814e-01 1.27185431e+15 8.53158659e-01 5.19526100e-01 -4.70418214e-02 1.59600693e+14 -5.30252469e-02 1.76080747e-01 9.82946537e-01 2.62481042e+15
-8.41334599e-02 8.59172739e-01 -5.04721473e-01 1.20483503e+15 -1.08573587e-01 4.95597392e-01 8.61739521e-01 -1.25338106e+14 9.90521750e-01 1.27300548e-01 5.15871427e-02 1.18308391e+16
-8.33302766e-02 8.60878933e-01 -5.01939764e-01 1.20483503e+15 -1.09579241e-01 4.92721254e-01 8.63260190e-01 -1.25338106e+14 9.90478902e-01 1.26937889e-01 5.32758621e-02 1.18308391e+16
-8.19692880e-02 8.61933076e-01 -5.00352285e-01 1.20483503e+15 -1.11833384e-01 4.90916330e-01 8.63999103e-01 -1.25338106e+14 9.90340512e-01 1.26777480e-01 5.61528303e-02 1.18308391e+16
-8.15200623e-02 8.60519395e-01 -5.02852712e-01 1.20483503e+15 -1.13564145e-01 4.93226277e-01 8.62456390e-01 -1.25338106e+14 9.90180622e-01 1.27413537e-01 5.75163123e-02 1.18308391e+16
7.57718971e-01 -3.74497315e-01 -5.34428407e-01 6.15509938e+04 -6.45820969e-01 -3.12757718e-01 -6.96489688e-01 1.49584694e+04 9.36869088e-02 8.72888522e-01 -4.78840675e-01 1.28129763e+05
7.58559930e-01 -3.73508715e-01 -5.33927029e-01 6.15516373e+04 -6.44698461e-01 -3.11238303e-01 -6.98208145e-01 1.49593013e+04 9.46082846e-02 8.73854656e-01 -4.76893398e-01 1.28130346e+05
7.58024935e-01 -3.72958205e-01 -5.35070440e-01 6.15522885e+04 -6.45304974e-01 -3.09665828e-01 -6.98347024e-01 1.49601276e+04 9.47612223e-02 8.74648073e-01 -4.75406204e-01 1.28130929e+05
7.56487685e-01 -3.72325348e-01 -5.37680405e-01 6.15529636e+04 -6.47359388e-01 -3.09359928e-01 -6.96578968e-01 1.49609341e+04 9.30172352e-02 8.75025869e-01 -4.75055284e-01 1.28131512e+05
7.55407897e-01 -3.71615736e-01 -5.39685699e-01 6.15536144e+04 -6.48920486e-01 -3.10028552e-01 -6.94826956e-01 1.49617583e+04 9.08906548e-02 8.75090876e-01 -4.75347081e-01 1.28132095e+05
-1.01437665e-02 5.14892055e-01 -8.57195004e-01 1.12609809e+14 1.02337227e-01 -8.52203380e-01 -5.13104757e-01 -1.37266014e+13 -9.94698043e-01 -9.29277746e-02 -4.40480730e-02 9.65910290e+14
-5.47601015e-03 5.14722570e-01 -8.57339308e-01 1.12609809e+14 1.03496227e-01 -8.52456186e-01 -5.12451932e-01 -1.37266014e+13 -9.94614772e-01 -9.15375760e-02 -4.86037854e-02 9.65910290e+14
-5.31953081e-03 5.15163364e-01 -8.57075499e-01 1.12609809e+14 1.04459664e-01 -8.52112200e-01 -5.12828409e-01 -1.37266014e+13 -9.94514897e-01 -9.22578247e-02 -4.92809546e-02 9.65910290e+14
-6.26900041e-03 5.14739519e-01 -8.57323700e-01 1.12609809e+14 1.04793149e-01 -8.52281708e-01 -5.12478571e-01 -1.37266014e+13 -9.94474281e-01 -9.30543789e-02 -4.85982209e-02 9.65910290e+14
-8.42830759e-03 5.15308823e-01 -8.56963115e-01 1.12609809e+14 1.03323164e-01 -8.51957677e-01 -5.13315147e-01 -1.37266014e+13 -9.94612129e-01 -9.28705185e-02 -4.60627767e-02 9.65910290e+14
-9.55260689e-03 5.14941510e-01 -8.57172088e-01 1.12609809e+14 1.01973102e-01 -8.52240629e-01 -5.13115384e-01 -1.37266014e+13 -9.94741290e-01 -9.23100864e-02 -4.43690635e-02 9.65910290e+14
-1.02301222e-02 5.13933919e-01 -8.57768775e-01 1.12609809e+14 1.02560260e-01 -8.52750482e-01 -5.12150376e-01 -1.37266014e+13 -9.94674187e-01 -9.32123496e-02 -4.39854548e-02 9.65910290e+14
-1.08036598e-02 5.14682974e-01 -8.57312497e-01 1.12609809e+14 1.03847660e-01 -8.52148908e-01 -5.12891706e-01 -1.37266014e+13 -9.94534537e-01 -9.45710045e-02 -4.42422958e-02 9.65910290e+14
-1.09212439e-02 5.15321630e-01 -8.56927269e-01 1.12609809e+14 1.04270432e-01 -8.51719515e-01 -5.13518787e-01 -1.37266014e+13 -9.94489016e-01 -9.49604407e-02 -4.44309726e-02 9.65910290e+14
-8.72130424e-03 5.15778262e-01 -8.56677724e-01 1.12609809e+14 1.04494947e-01 -8.51549736e-01 -5.13754662e-01 -1.37266014e+13 -9.94487177e-01 -9.39991039e-02 -4.64695977e-02 9.65910290e+14
-8.71787286e-03 5.15661553e-01 -8.56748015e-01 1.12609809e+14 1.04084098e-01 -8.51658672e-01 -5.13657480e-01 -1.37266014e+13 -9.94530291e-01 -9.36518447e-02 -4.62475155e-02 9.65910290e+14
-8.37535293e-03 5.15126663e-01 -8.57073144e-01 1.12609809e+14 1.03872854e-01 -8.52018275e-01 -5.13103585e-01 -1.37266014e+13 -9.94555320e-01 -9.33240571e-02 -4.63717228e-02 9.65910290e+14
-7.30337153e-03 5.15502673e-01 -8.56856846e-01 1.12609809e+14 1.05331695e-01 -8.51716161e-01 -5.13307720e-01 -1.37266014e+13 -9.94410325e-01 -9.40030606e-02 -4.80783706e-02 9.65910290e+14
-3.72633690e-03 5.17073040e-01 -8.55933167e-01 1.12609809e+14 1.06900435e-01 -8.50828302e-01 -5.14454563e-01 -1.37266014e+13 -9.94262748e-01 -9.34166589e-02 -5.21048600e-02 9.65910290e+14
-3.77179948e-03 5.17495898e-01 -8.55677375e-01 1.12609809e+14 1.06900343e-01 -8.50571442e-01 -5.14879149e-01 -1.37266014e+13 -9.94262586e-01 -9.34142254e-02 -5.21123038e-02 9.65910290e+14
-3.83319457e-03 5.18044530e-01 -8.55345060e-01 1.12609809e+14 1.06484733e-01 -8.50276576e-01 -5.15451982e-01 -1.37266014e+13 -9.94306949e-01 -9.30570177e-02 -5.19045577e-02 9.65910290e+14
-3.79851328e-03 5.17366133e-01 -8.55755722e-01 1.12609809e+14 1.05588066e-01 -8.50770573e-01 -5.14820933e-01 -1.37266014e+13 -9.94402701e-01 -9.23131460e-02 -5.13960262e-02 9.65910290e+14
-4.88566319e-04 5.16455633e-01 -8.56313809e-01 1.12609809e+14 1.05413722e-01 -8.51516318e-01 -5.13622339e-01 -1.37266014e+13 -9.94428332e-01 -9.05181646e-02 -5.40254885e-02 9.65910290e+14
-6.93117288e-04 5.16496892e-01 -8.56288783e-01 1.12609809e+14 1.05883021e-01 -8.51437532e-01 -5.13656417e-01 -1.37266014e+13 -9.94378351e-01 -9.10224671e-02 -5.40981050e-02 9.65910290e+14
-9.16599344e-04 5.17125343e-01 -8.55909189e-01 1.12609809e+14 1.05499744e-01 -8.51082989e-01 -5.14322418e-01 -1.37266014e+13 -9.94418908e-01 -9.07696281e-02 -5.37764892e-02 9.65910290e+14
-9.79930802e-04 5.17907616e-01 -8.55435995e-01 1.12609809e+14 1.04826694e-01 -8.50670177e-01 -5.15142324e-01 -1.37266014e+13 -9.94490022e-01 -9.01773312e-02 -5.34569453e-02 9.65910290e+14
-9.41308649e-04 5.17458456e-01 -8.55707812e-01 1.12609809e+14 1.05578247e-01 -8.50874207e-01 -5.14651647e-01 -1.37266014e+13 -9.94410553e-01 -9.08285765e-02 -5.38314213e-02 9.65910290e+14
3.85959952e-01 7.84965258e-01 4.84628166e-01 3.99620835e+15 -9.13732909e-01 3.97602201e-01 8.36938466e-02 9.80819242e+14 -1.26992464e-01 -4.75123177e-01 8.70707115e-01 7.74902960e+15
3.85991679e-01 7.83611351e-01 4.86789148e-01 3.99620835e+15 -9.13365471e-01 3.98713643e-01 8.24072082e-02 9.80819242e+14 -1.29514251e-01 -4.76424896e-01 8.69623699e-01 7.74902960e+15
3.85988461e-01 7.83498018e-01 4.86974089e-01 3.99620835e+15 -9.13452009e-01 3.98377167e-01 8.30726214e-02 9.80819242e+14 -1.28912124e-01 -4.76892533e-01 8.69456828e-01 7.74902960e+15
3.84943426e-01 7.83889101e-01 4.87171875e-01 3.99620835e+15 -9.13932420e-01 3.97323477e-01 8.28346940e-02 9.80819242e+14 -1.28631610e-01 -4.77128841e-01 8.69368724e-01 7.74902960e+15
3.84701130e-01 7.84826117e-01 4.85852865e-01 3.99620835e+15 -9.14033500e-01 3.97259922e-01 8.20202183e-02 9.80819242e+14 -1.28638262e-01 -4.75639065e-01 8.70183703e-01 7.74902960e+15
3.85418313e-01 7.84442872e-01 4.85903391e-01 3.99620835e+15 -9.13658895e-01 3.98130874e-01 8.19709115e-02 9.80819242e+14 -1.29151644e-01 -4.75543045e-01 8.70160137e-01 7.74902960e+15
3.86582623e-01 7.84572508e-01 4.84767837e-01 3.99620835e+15 -9.13235290e-01 3.98986804e-01 8.25277867e-02 9.80819242e+14 -1.28666937e-01 -4.74610904e-01 8.70740667e-01 7.74902960e+15
3.86903427e-01 7.84283423e-01 4.84979639e-01 3.99620835e+15 -9.13164722e-01 3.98995510e-01 8.32632812e-02 9.80819242e+14 -1.28202687e-01 -4.75081146e-01 8.70552684e-01 7.74902960e+15
3.85514474e-01 7.83632017e-01 4.87133917e-01 3.99620835e+15 -9.13535881e-01 3.98386976e-01 8.20975787e-02 9.80819242e+14 -1.29733517e-01 -4.76664116e-01 8.69459910e-01 7.74902960e+15
3.85045200e-01 7.83718789e-01 4.87365420e-01 3.99620835e+15 -9.13465818e-01 3.98941686e-01 8.01606590e-02 9.80819242e+14 -1.31606968e-01 -4.76057129e-01 8.69510906e-01 7.74902960e+15
3.85761250e-01 7.82523215e-01 4.88718402e-01 3.99620835e+15 -9.13024605e-01 3.99912286e-01 8.03506977e-02 9.80819242e+14 -1.32568207e-01 -4.77208111e-01 8.68733612e-01 7.74902960e+15
3.86471383e-01 7.82792501e-01 4.87725096e-01 3.99620835e+15 -9.13045914e-01 3.99450191e-01 8.23814549e-02 9.80819242e+14 -1.30334298e-01 -4.77153481e-01 8.69101563e-01 7.74902960e+15
3.85641394e-01 7.83538100e-01 4.87184525e-01 3.99620835e+15 -9.13815541e-01 3.97252196e-01 8.44502774e-02 9.80819242e+14 -1.27365113e-01 -4.77764313e-01 8.69206183e-01 7.74902960e+15
