1.00000000e+00 0.00000000e+00 0.00000000e+00 0.00000000e+00 0.00000000e+00 1.00000000e+00 0.00000000e+00 0.00000000e+00 0.00000000e+00 0.00000000e+00 1.00000000e+00 0.00000000e+00
9.99999379e-01 -7.61758223e-04 -8.13615118e-04 7.48797602e-03 7.64985700e-04 9.99991811e-01 3.97391760e-03 8.67075095e-03 8.10581291e-04 -3.97453753e-03 9.99991773e-01 -9.99934372e-01
9.99997547e-01 5.78988633e-04 -2.13799788e-03 3.49015402e-02 -5.69030714e-04 9.99989002e-01 4.65526562e-03 6.24574798e-03 2.14066971e-03 -4.65403761e-03 9.99986879e-01 -2.05306135e+00
9.99996190e-01 2.17115426e-03 -1.70483499e-03 1.69984410e-02 -2.16898025e-03 9.99996834e-01 1.27601488e-03 -1.42624660e-02 1.70760002e-03 -1.27231227e-03 9.99997733e-01 -3.14519261e+00
9.99977708e-01 4.65434072e-03 -4.78749855e-03 1.13147085e-01 -4.67645337e-03 9.99978402e-01 -4.61805540e-03 -1.19642343e-02 4.76590115e-03 4.64034097e-03 9.99977876e-01 -4.26382555e+00
9.99954135e-01 8.60415335e-03 -4.20674640e-03 1.32767632e-01 -8.62392241e-03 9.99951749e-01 -4.70403543e-03 -5.86056271e-03 4.16606918e-03 4.74009834e-03 9.99980087e-01 -5.41529952e+00
9.99929470e-01 1.16744382e-02 -2.18229291e-03 1.13500225e-01 -1.16791460e-02 9.99929470e-01 -2.15714227e-03 2.31997700e-03 2.15695556e-03 2.18247744e-03 9.99995292e-01 -6.58623754e+00
9.99892333e-01 1.43874760e-02 -2.88507945e-03 1.52585063e-01 -1.43839013e-02 9.99895758e-01 1.25598280e-03 1.86960241e-02 2.90284913e-03 -1.21434888e-03 9.99995049e-01 -7.76529327e+00
9.99880618e-01 1.52669028e-02 -2.38154683e-03 1.81471608e-01 -1.52629592e-02 9.99882127e-01 1.66535381e-03 2.95308777e-02 2.40669091e-03 -1.62880555e-03 9.99995777e-01 -8.94831369e+00
9.99897410e-01 1.42535233e-02 -1.41664465e-03 1.89938772e-01 -1.42536377e-02 9.99898409e-01 -7.07162828e-05 2.54155009e-02 1.41549277e-03 9.09013677e-05 9.99998994e-01 -1.01326907e+01
9.99902239e-01 1.38809175e-02 1.68329893e-03 1.30331026e-01 -1.38768392e-02 9.99900806e-01 -2.41074309e-03 1.71612722e-02 -1.71659529e-03 2.38714854e-03 9.99995677e-01 -1.13157161e+01
9.99996988e-01 1.95517935e-04 2.44658963e-03 -3.57440906e-02 -1.91577363e-04 9.99998684e-01 -1.61076967e-03 3.71880999e-03 -2.44690134e-03 1.61029611e-03 9.99995710e-01 -1.18303446e+00
9.99992475e-01 2.06390202e-03 3.28496100e-03 -3.27221681e-02 -2.05669645e-03 9.99995475e-01 -2.19536956e-03 -1.09501858e-03 -3.28947716e-03 2.18859687e-03 9.99992195e-01 -2.36577785e+00
9.99982497e-01 2.55242258e-03 5.33776504e-03 -7.31219546e-02 -2.54436706e-03 9.99995615e-01 -1.51540206e-03 -1.85030965e-02 -5.34160958e-03 1.50179430e-03 9.99984606e-01 -3.54809775e+00
9.99985473e-01 3.52873563e-03 4.07456403e-03 1.89372991e-02 -3.52327288e-03 9.99992886e-01 -1.34709586e-03 1.19072302e-02 -4.07928859e-03 1.33272049e-03 9.99990792e-01 -4.72773376e+00
9.99783433e-01 1.96424043e-02 6.87479347e-03 1.48051289e-01 -1.96180037e-02 9.99801071e-01 -3.59891509e-03 1.02837458e-01 -6.94411722e-03 3.46326596e-03 9.99969892e-01 -1.72293719e+01
9.99736218e-01 2.09897342e-02 9.32342333e-03 1.15334315e-01 -2.09758034e-02 9.99778720e-01 -1.58946063e-03 8.99535817e-02 -9.35472260e-03 1.39347506e-03 9.99955273e-01 -1.84216003e+01
9.99736747e-01 1.84526697e-02 1.36358335e-02 1.43347746e-03 -1.84642732e-02 9.99829258e-01 7.25541157e-04 4.53440459e-02 -1.36201171e-02 -9.77125911e-04 9.99906764e-01 -1.96099819e+01
9.99749941e-01 1.68885306e-02 1.46571848e-02 2.99844126e-02 -1.68969532e-02 9.99857135e-01 4.50982806e-04 7.91252467e-02 -1.46474744e-02 -6.98531800e-04 9.99892476e-01 -2.08031056e+01
9.99729866e-01 1.53558410e-02 1.74468812e-02 7.71314375e-03 -1.53538918e-02 9.99882092e-01 -2.45675677e-04 9.41550799e-02 -1.74485967e-02 -2.22682145e-05 9.99847761e-01 -2.19947165e+01
9.99699789e-01 1.50455417e-02 1.93381198e-02 5.11114544e-04 -1.50200363e-02 9.99886122e-01 -1.46348954e-03 1.07114677e-01 -1.93579366e-02 1.17259093e-03 9.99811930e-01 -2.31849022e+01
9.99669717e-01 1.54297363e-02 2.05518778e-02 -2.20192358e-02 -1.53642146e-02 9.99876378e-01 -3.34221329e-03 1.37589567e-01 -2.06009065e-02 3.02534595e-03 9.99783201e-01 -2.43706752e+01
9.99626007e-01 1.47041322e-02 2.30571900e-02 -5.38345096e-02 -1.46203905e-02 9.99885910e-01 -3.79630072e-03 1.35760490e-01 -2.31103807e-02 3.45777581e-03 9.99726940e-01 -2.55539077e+01
9.99573752e-01 1.53604409e-02 2.48268380e-02 -8.01893070e-02 -1.52835924e-02 9.99877812e-01 -3.28218523e-03 1.31502237e-01 -2.48742203e-02 2.90134293e-03 9.99686379e-01 -2.67354544e+01
9.99510803e-01 1.53033853e-02 2.72756462e-02 -1.25166679e-01 -1.52489769e-02 9.99881304e-01 -2.20166104e-03 1.24232999e-01 -2.73061015e-02 1.78465830e-03 9.99625526e-01 -2.79150218e+01
9.99984132e-01 2.81404946e-03 4.88015139e-03 2.57049102e-02 -2.80556909e-03 9.99994544e-01 -1.74370225e-03 1.42376975e-02 -4.88503163e-03 1.72998298e-03 9.99986572e-01 -5.90728379e+00
9.98370117e-01 2.18208828e-02 5.27347876e-02 -6.88313194e-01 -2.28454852e-02 9.99560242e-01 1.89052218e-02 -1.91238979e+00 -5.22990684e-02 -2.00791603e-02 9.98429584e-01 -4.17577475e+01
9.95350406e-01 2.61028348e-02 9.27157564e-02 -2.44975047e+00 -2.95768074e-02 9.98903357e-01 3.62945639e-02 -3.72275685e+00 -9.16666894e-02 -3.88680450e-02 9.95030901e-01 -5.47667520e+01
9.91916703e-01 1.10063686e-01 6.31445915e-02 2.84329299e-01 -1.06215616e-01 9.92447287e-01 -6.13728398e-02 3.93771398e+00 -6.94225995e-02 5.41698032e-02 9.96115523e-01 -5.69140419e+01
9.91907391e-01 1.09499248e-01 6.42623000e-02 2.02429685e-01 -1.05676986e-01 9.92580017e-01 -6.01438570e-02 4.02038418e+00 -7.03711820e-02 5.28660900e-02 9.96119006e-01 -5.80956858e+01
9.92250479e-01 1.07185066e-01 6.28518035e-02 2.15823849e-01 -1.03631902e-01 9.92963248e-01 -5.73098407e-02 4.08316940e+00 -6.85522900e-02 5.03522649e-02 9.96376050e-01 -5.92909127e+01
9.92240877e-01 1.06857429e-01 6.35573039e-02 1.67211799e-01 -1.03405148e-01 9.93098704e-01 -5.53384035e-02 4.13880974e+00 -6.90319957e-02 4.83368736e-02 9.96442738e-01 -6.04834317e+01
9.92283779e-01 1.05876273e-01 6.45222209e-02 9.85246846e-02 -1.02404792e-01 9.93224913e-01 -5.49320598e-02 4.20731992e+00 -6.99010790e-02 4.79008073e-02 9.96403207e-01 -6.16784321e+01
9.91829288e-01 1.07871227e-01 6.81062546e-02 -1.09454094e-04 -1.04137308e-01 9.92974341e-01 -5.61905620e-02 4.30083766e+00 -7.36891081e-02 4.86390431e-02 9.96094453e-01 -6.28763650e+01
9.91752802e-01 1.07403916e-01 6.99341064e-02 -7.18073731e-02 -1.03631990e-01 9.93065656e-01 -5.55068823e-02 4.37991464e+00 -7.54108157e-02 4.78016954e-02 9.96006128e-01 -6.40882701e+01
9.91843727e-01 1.06688197e-01 6.97398743e-02 -8.54095000e-02 -1.02943120e-01 9.93150934e-01 -5.52624260e-02 4.43057331e+00 -7.51580700e-02 4.76324503e-02 9.96033340e-01 -6.53102171e+01
9.99967657e-01 3.16477311e-03 7.39391790e-03 2.32002304e-04 -3.14635644e-03 9.99991922e-01 -2.50109223e-03 4.58167020e-03 -7.40177357e-03 2.47774744e-03 9.99969537e-01 -7.13140479e+00
9.99126438e-01 2.22026044e-02 3.54034680e-02 7.94411357e-01 -2.19369524e-02 9.99728344e-01 -7.87447825e-03 2.47517623e-01 -3.55686844e-02 7.09095521e-03 9.99342077e-01 -4.28899186e+01
9.99132849e-01 2.12091029e-02 3.58290945e-02 8.09527636e-01 -2.08875872e-02 9.99738349e-01 -9.32423656e-03 2.51146549e-01 -3.60174785e-02 8.56776771e-03 9.99314432e-01 -4.41085998e+01
9.99068779e-01 2.10334848e-02 3.76718321e-02 7.77159016e-01 -2.06412568e-02 9.99728930e-01 -1.07705928e-02 3.02954026e-01 -3.78881635e-02 9.98296907e-03 9.99232119e-01 -4.53228291e+01
9.99067756e-01 1.87584058e-02 3.88811282e-02 7.55784169e-01 -1.83868346e-02 9.99782010e-01 -9.89228187e-03 3.24116740e-01 -3.90582159e-02 9.16815897e-03 9.99194876e-01 -4.65344490e+01
9.98958862e-01 1.69482661e-02 4.23550225e-02 6.69310171e-01 -1.65751688e-02 9.99820805e-01 -9.14454274e-03 3.44544712e-01 -4.25024168e-02 8.43298037e-03 9.99060774e-01 -4.77400507e+01
9.98885470e-01 1.66890433e-02 4.41507958e-02 5.96825781e-01 -1.62423271e-02 9.99813397e-01 -1.04574455e-02 3.75259437e-01 -4.43170818e-02 9.72867871e-03 9.98970144e-01 -4.89444738e+01
9.98887300e-01 1.47472382e-02 4.47959976e-02 5.62576785e-01 -1.42215749e-02 9.99826489e-01 -1.20307376e-02 3.79644902e-01 -4.49656452e-02 1.13802813e-02 9.98923711e-01 -5.01501870e+01
9.98923732e-01 1.21539495e-02 4.47622506e-02 5.31677727e-01 -1.16074215e-02 9.99855131e-01 -1.24493276e-02 4.03344284e-01 -4.49070745e-02 1.19163545e-02 9.98920094e-01 -5.13566284e+01
9.99055487e-01 9.22327439e-03 4.24625228e-02 5.23041423e-01 -8.81219663e-03 9.99912579e-01 -9.85797975e-03 4.13780777e-01 -4.25497335e-02 9.47448066e-03 9.99049425e-01 -5.25632873e+01
9.99182407e-01 7.29528638e-03 3.97655122e-02 5.40475754e-01 -7.05035346e-03 9.99955324e-01 -6.29619257e-03 4.04208349e-01 -3.98096682e-02 6.01068393e-03 9.99189202e-01 -5.37679202e+01
9.99981691e-01 3.35811634e-03 5.03386672e-03 5.07343774e-02 -3.35308876e-03 9.99993871e-01 -1.00685840e-03 -9.75389983e-03 -5.03721702e-03 9.89960966e-04 9.99986823e-01 -8.33202698e+00
9.99366721e-01 6.16191918e-03 3.50455200e-02 4.64657279e-01 -5.97029361e-03 9.99966665e-01 -5.56992814e-03 4.07409498e-01 -3.50786732e-02 5.35716878e-03 9.99370195e-01 -5.61650606e+01
9.99532931e-01 1.32498850e-03 3.05313610e-02 4.76785977e-01 -1.07823929e-03 9.99966638e-01 -8.09687519e-03 4.11055195e-01 -3.05410707e-02 8.06017328e-03 9.99501014e-01 -5.73575641e+01
9.99641123e-01 -3.12983832e-03 2.66050803e-02 4.76258558e-01 3.43505633e-03 9.99928727e-01 -1.14342192e-02 4.27620148e-01 -2.65673968e-02 1.15215056e-02 9.99580626e-01 -5.85465808e+01
9.99736824e-01 -7.87099462e-03 2.15483297e-02 4.49771320e-01 8.13415557e-03 9.99893073e-01 -1.21523041e-02 4.33463285e-01 -2.14503749e-02 1.23243834e-02 9.99693949e-01 -5.97340613e+01
9.99802242e-01 -1.18724429e-02 1.59537343e-02 4.36474519e-01 1.20738291e-02 9.99847888e-01 -1.25866779e-02 4.47627208e-01 -1.58018729e-02 1.27768114e-02 9.99793506e-01 -6.09206545e+01
9.99843231e-01 -1.57386570e-02 8.11221556e-03 5.09204947e-01 1.58546803e-02 9.99770000e-01 -1.44421338e-02 4.53426705e-01 -7.88304997e-03 1.45684864e-02 9.99862799e-01 -6.21058515e+01
9.99800654e-01 -1.96446412e-02 3.56934496e-03 4.54028931e-01 1.96982817e-02 9.99683134e-01 -1.56719162e-02 4.73950127e-01 -3.26034479e-03 1.57391021e-02 9.99870817e-01 -6.32959505e+01
9.99738550e-01 -2.26598555e-02 -3.05980651e-03 4.51813383e-01 2.26100667e-02 9.99625296e-01 -1.54289218e-02 4.92901695e-01 3.40827713e-03 1.53557055e-02 9.99876285e-01 -6.44931886e+01
9.99670601e-01 -2.38005122e-02 -9.60334105e-03 4.43693383e-01 2.36400990e-02 9.99584605e-01 -1.64852662e-02 5.54771468e-01 9.99170965e-03 1.62528120e-02 9.99817989e-01 -6.56970321e+01
9.99467799e-01 -2.80294867e-02 -1.66873291e-02 4.41678433e-01 2.77585333e-02 9.99482516e-01 -1.62531547e-02 5.65938091e-01 1.71342613e-02 1.57812890e-02 9.99728647e-01 -6.69103194e+01
9.99997089e-01 -6.19820617e-04 -2.33170501e-03 1.13431767e-01 6.23428423e-04 9.99998609e-01 1.54687407e-03 -3.12962393e-02 2.33074298e-03 -1.54832322e-03 9.99996085e-01 -9.55241175e+00
9.98914991e-01 -3.33911770e-02 -3.24633680e-02 5.39839075e-01 3.30665939e-02 9.99398156e-01 -1.04845659e-02 5.47571811e-01 3.27939221e-02 9.39973709e-03 9.99417932e-01 -6.93572694e+01
9.98615529e-01 -3.38530176e-02 -4.02616239e-02 5.71194772e-01 3.34220883e-02 9.99377117e-01 -1.13287713e-02 6.08006579e-01 4.06200587e-02 9.96745939e-03 9.99124947e-01 -7.05902413e+01
9.98315739e-01 -3.32147575e-02 -4.75653715e-02 5.63981304e-01 3.26326292e-02 9.99383341e-01 -1.29633795e-02 6.12230198e-01 4.79666154e-02 1.13893626e-02 9.98784004e-01 -7.18255891e+01
9.96573224e-01 -3.47240699e-02 -7.50736171e-02 1.70991882e+00 3.38262742e-02 9.99340582e-01 -1.31978864e-02 6.06373508e-01 7.54823965e-02 1.06131995e-02 9.97090652e-01 -7.22887035e+01
9.99930615e-01 -3.76222880e-03 -1.11629162e-02 2.14910693e-01 3.77408299e-03 9.99992336e-01 1.04104966e-03 -3.48893201e-02 1.11589140e-02 -1.08310720e-03 9.99937151e-01 -1.07872554e+01
9.99444939e-01 -8.79232733e-03 -3.21326802e-02 1.55179130e+00 8.83515516e-03 9.99960260e-01 1.19109865e-03 -6.07552516e-02 3.21209307e-02 -1.47433473e-03 9.99482902e-01 -1.13220675e+01
9.92514746e-01 -4.63695261e-02 -1.12979405e-01 3.08610378e+00 4.50036589e-02 9.98879961e-01 -1.46114717e-02 6.03306900e-01 1.13530390e-01 9.41761454e-03 9.93489889e-01 -7.51956312e+01
9.99133745e-01 -8.72737189e-03 -4.06889667e-02 1.57559919e+00 8.72099763e-03 9.99961916e-01 -3.34156478e-04 5.51388133e-02 4.06903334e-02 -2.09813692e-05 9.99171805e-01 -1.25318408e+01
9.90145492e-01 -4.63243249e-02 -1.32158852e-01 3.29061694e+00 4.46177487e-02 9.98878437e-01 -1.58468883e-02 9.12089168e-01 1.32744724e-01 9.79409451e-03 9.91101869e-01 -7.76190263e+01
9.90145492e-01 -4.63243249e-02 -1.32158852e-01 3.29061694e+00 4.46177487e-02 9.98878437e-01 -1.58468883e-02 9.12089168e-01 1.32744724e-01 9.79409451e-03 9.91101869e-01 -7.76190263e+01
9.86716827e-01 -4.66088575e-02 -1.55619787e-01 4.33884945e+00 4.52993603e-02 9.98901951e-01 -1.19524488e-02 8.99439952e-01 1.56005998e-01 4.74420559e-03 9.87744714e-01 -7.81930100e+01
9.86716827e-01 -4.66088575e-02 -1.55619787e-01 4.33884945e+00 4.52993603e-02 9.98901951e-01 -1.19524488e-02 8.99439952e-01 1.56005998e-01 4.74420559e-03 9.87744714e-01 -7.81930100e+01
9.83994520e-01 -4.84224121e-02 -1.71493597e-01 4.47365475e+00 4.70420360e-02 9.98819546e-01 -1.21062596e-02 9.26864227e-01 1.71877371e-01 3.84508519e-03 9.85110849e-01 -7.93500238e+01
9.80846984e-01 -4.91046924e-02 -1.88488521e-01 4.67886229e+00 4.77407580e-02 9.98790387e-01 -1.17721559e-02 8.53037503e-01 1.88838590e-01 2.54809872e-03 9.82004834e-01 -8.04969155e+01
9.77311457e-01 -4.76962278e-02 -2.06367116e-01 4.82075644e+00 4.64150730e-02 9.98861144e-01 -1.10479138e-02 7.90487729e-01 2.06659037e-01 1.21870800e-03 9.78412263e-01 -8.16522533e+01
9.73117630e-01 -4.71150118e-02 -2.25437917e-01 4.98058471e+00 4.55388374e-02 9.98888197e-01 -1.21895365e-02 8.46768997e-01 2.25761584e-01 1.59567222e-03 9.74181277e-01 -8.27986672e+01
9.68468281e-01 -4.67483242e-02 -2.44711631e-01 4.98710534e+00 4.47878034e-02 9.98904309e-01 -1.35732640e-02 9.88841132e-01 2.45078030e-01 2.18517927e-03 9.69500894e-01 -8.39416738e+01
9.62779421e-01 -4.82644058e-02 -2.65944229e-01 5.26616962e+00 4.65242325e-02 9.98834594e-01 -1.28432365e-02 9.42976801e-01 2.66254167e-01 -7.64728981e-06 9.63902857e-01 -8.50507277e+01
9.97880653e-01 -9.83204009e-03 -6.43236661e-02 1.85519795e+00 9.86056069e-03 9.99951376e-01 1.25936853e-04 6.06139218e-02 6.43193002e-02 -7.59937362e-04 9.97929081e-01 -1.36237549e+01
9.48448370e-01 -5.07216469e-02 -3.12846615e-01 5.78274012e+00 4.88939850e-02 9.98710152e-01 -1.36897863e-02 9.86396495e-01 3.13137459e-01 -2.31226223e-03 9.49704999e-01 -8.72426226e+01
9.39302121e-01 -5.43355889e-02 -3.38761228e-01 6.09887327e+00 5.21005927e-02 9.98518499e-01 -1.56951061e-02 1.01142409e+00 3.39112156e-01 -2.90721435e-03 9.40741460e-01 -8.83063895e+01
9.29555843e-01 -5.67592866e-02 -3.64286040e-01 6.26208735e+00 5.41572054e-02 9.98381444e-01 -1.73634757e-02 1.02189306e+00 3.64681961e-01 -3.58839360e-03 9.31125228e-01 -8.93971932e+01
9.17554923e-01 -5.75243729e-02 -3.93425862e-01 6.75144627e+00 5.47083008e-02 9.98333225e-01 -1.83786139e-02 1.04023890e+00 3.93827328e-01 -4.66027276e-03 9.19172627e-01 -9.03763167e+01
9.03466329e-01 -5.59159242e-02 -4.24996473e-01 7.34569522e+00 5.33120362e-02 9.98415160e-01 -1.80276243e-02 1.07736677e+00 4.25330952e-01 -6.37007577e-03 9.05015471e-01 -9.12839932e+01
8.87795046e-01 -5.25210625e-02 -4.57232429e-01 7.71953660e+00 5.06092294e-02 9.98583244e-01 -1.64380944e-02 1.08516111e+00 4.57447989e-01 -8.54652209e-03 8.89195307e-01 -9.22887364e+01
8.69656065e-01 -4.98891106e-02 -4.91130742e-01 8.19814023e+00 4.93840051e-02 9.98681729e-01 -1.40008416e-02 1.10092005e+00 4.91181789e-01 -1.20780863e-02 8.70973347e-01 -9.32388412e+01
8.49290966e-01 -4.91604339e-02 -5.25631151e-01 8.70518853e+00 5.04646207e-02 9.98655400e-01 -1.18622848e-02 1.12073653e+00 5.25507543e-01 -1.64512453e-02 8.50629872e-01 -9.41763498e+01
8.26849860e-01 -4.94825126e-02 -5.60241725e-01 9.14967115e+00 5.23800786e-02 9.98567839e-01 -1.08902726e-02 1.14036128e+00 5.59978247e-01 -2.03408853e-02 8.28257575e-01 -9.51449389e+01
8.01391457e-01 -5.13787723e-02 -5.95929487e-01 9.73850829e+00 5.52373519e-02 9.98403562e-01 -1.17967100e-02 1.16132960e+00 5.95584223e-01 -2.34637842e-02 8.02950113e-01 -9.60391436e+01
9.94014501e-01 -1.43701640e-02 -1.08298981e-01 2.26195709e+00 1.44254718e-02 9.99895910e-01 -2.72763817e-04 8.41604885e-02 1.08291628e-01 -1.29113271e-03 9.94118331e-01 -1.45822521e+01
7.43826008e-01 -5.90063742e-02 -6.65763560e-01 1.08099063e+01 6.26506143e-02 9.97865084e-01 -1.84438515e-02 1.19826080e+00 6.65430516e-01 -2.79914796e-02 7.45934787e-01 -9.78845250e+01
7.12050080e-01 -5.92620186e-02 -6.99623253e-01 1.12800519e+01 6.33515133e-02 9.97790017e-01 -2.00416443e-02 1.19204982e+00 6.99264806e-01 -3.00515374e-02 7.14230800e-01 -9.88427903e+01
6.73913442e-01 -5.64847152e-02 -7.36647914e-01 1.20514608e+01 6.07983146e-02 9.97931263e-01 -2.08988058e-02 1.18080164e+00 7.36304446e-01 -3.07029655e-02 6.75953468e-01 -9.95963409e+01
6.34521887e-01 -5.41160873e-02 -7.71008057e-01 1.27728733e+01 5.84120832e-02 9.98050551e-01 -2.19801148e-02 1.24787315e+00 7.70694495e-01 -3.10893229e-02 6.36445952e-01 -1.00408270e+02
5.92266833e-01 -5.26756911e-02 -8.04018203e-01 1.35225434e+01 5.77655126e-02 9.98068944e-01 -2.28370131e-02 1.21013829e+00 8.03668554e-01 -3.29189182e-02 5.94165971e-01 -1.01199240e+02
5.45488651e-01 -5.07535228e-02 -8.36580069e-01 1.43538952e+01 5.75332046e-02 9.98077767e-01 -2.30369493e-02 1.22130294e+00 8.36141173e-01 -3.55647379e-02 5.47360108e-01 -1.01903562e+02
9.86077517e-01 -1.33148923e-02 -1.65752355e-01 3.09907128e+00 1.32058753e-02 9.99911250e-01 -1.75981720e-03 6.44649923e-02 1.65761076e-01 -4.53588761e-04 9.86165838e-01 -1.55184899e+01
9.75256182e-01 -1.51052739e-02 -2.20561127e-01 3.89134598e+00 1.43372406e-02 9.99884298e-01 -5.08268913e-03 9.52680637e-02 2.20612384e-01 1.79468605e-03 9.75359911e-01 -1.64273827e+01
9.60939914e-01 -1.72683929e-02 -2.76217820e-01 4.87010580e+00 1.56532839e-02 9.99845065e-01 -8.05108130e-03 6.90906307e-02 2.76314054e-01 3.41288941e-03 9.61061338e-01 -1.72924197e+01
9.44098040e-01 -2.27379063e-02 -3.28879733e-01 5.83883546e+00 1.96623731e-02 9.99726333e-01 -1.26747725e-02 1.52195530e-01 3.29077927e-01 5.49967182e-03 9.44286753e-01 -1.81137828e+01
2.93217792e-01 -4.93117293e-02 -9.54773104e-01 1.92746242e+01 5.16458509e-02 9.98027702e-01 -3.56849071e-02 1.20721278e+00 9.54649691e-01 -3.88466197e-02 2.95186225e-01 -1.04425861e+02
2.46009413e-01 -3.89639462e-02 -9.68483960e-01 2.02963295e+01 4.85238384e-02 9.98433873e-01 -2.78431072e-02 1.23441648e+00 9.68052068e-01 -4.01448927e-02 2.47514811e-01 -1.04843966e+02
2.03302161e-01 -2.72154282e-02 -9.78737734e-01 2.13005013e+01 4.28137171e-02 9.98904609e-01 -1.88829907e-02 1.26314545e+00 9.78179542e-01 -3.80644476e-02 2.04244660e-01 -1.05304932e+02
1.61167531e-01 -1.89849976e-02 -9.86744444e-01 2.23729840e+01 4.20380649e-02 9.99039612e-01 -1.23553708e-02 1.26929743e+00 9.86031353e-01 -3.94895423e-02 1.61810840e-01 -1.05610490e+02
1.22460271e-01 -1.71547744e-02 -9.92325146e-01 2.34760088e+01 4.32635148e-02 9.98992452e-01 -1.19309971e-02 1.27737581e+00 9.91530005e-01 -4.14704005e-02 1.23079062e-01 -1.05820786e+02
8.94979431e-02 -9.67428861e-03 -9.95940021e-01 2.45956151e+01 4.39335067e-02 9.99017874e-01 -5.75619881e-03 1.29696113e+00 9.95017570e-01 -4.32399696e-02 8.98350703e-02 -1.05999618e+02
6.01064238e-02 -3.72858243e-03 -9.98185011e-01 2.57331214e+01 4.25793511e-02 9.99092405e-01 -1.16802582e-03 1.30494570e+00 9.97283418e-01 -4.24318642e-02 6.02106322e-02 -1.06131833e+02
3.48405987e-02 2.09838098e-03 -9.99390679e-01 2.68818196e+01 4.11179975e-02 9.99148057e-01 3.53132064e-03 1.29560767e+00 9.98546665e-01 -4.12159767e-02 3.47246353e-02 -1.06249132e+02
1.41143127e-02 6.67041819e-03 -9.99878138e-01 2.80423633e+01 4.09568394e-02 9.99134659e-01 7.24360636e-03 1.25528467e+00 9.99061221e-01 -4.10540869e-02 1.38288997e-02 -1.06270729e+02
-1.43455662e-03 8.98850614e-03 -9.99958574e-01 2.92110979e+01 4.29858584e-02 9.99035873e-01 8.91854389e-03 1.21435461e+00 9.99074651e-01 -4.29712834e-02 -1.81955218e-03 -1.06327460e+02
9.39135090e-01 -2.33001869e-02 -3.42757034e-01 6.12307867e+00 2.00858107e-02 9.99714707e-01 -1.29253361e-02 1.45272839e-01 3.42960411e-01 5.25408378e-03 9.39335164e-01 -1.92043991e+01
-2.50673136e-02 9.89461058e-03 -9.99636797e-01 3.15807062e+01 4.31463722e-02 9.99029946e-01 8.80664724e-03 1.19609180e+00 9.98754234e-01 -4.29099423e-02 -2.54699135e-02 -1.06322484e+02
-3.42719087e-02 1.42200892e-02 -9.99311376e-01 3.27836924e+01 4.61441392e-02 9.98854932e-01 1.26310566e-02 1.17691983e+00 9.98346711e-01 -4.56794728e-02 -3.48888388e-02 -1.06300814e+02
-3.92363502e-02 1.88040012e-02 -9.99053011e-01 3.39935679e+01 4.84256932e-02 9.98683886e-01 1.68952051e-02 1.11822230e+00 9.98055841e-01 -4.77169284e-02 -4.00953075e-02 -1.06370172e+02
-4.40306575e-02 1.81104174e-02 -9.98866014e-01 3.52135409e+01 4.82277630e-02 9.98708501e-01 1.59816506e-02 1.06174000e+00 9.97865414e-01 -4.74693908e-02 -4.48472169e-02 -1.06371720e+02
-4.78590801e-02 1.58786626e-02 -9.98727879e-01 3.64317980e+01 4.56246780e-02 9.98864780e-01 1.36945027e-02 1.02528021e+00 9.97811554e-01 -4.49112316e-02 -4.85292084e-02 -1.06258638e+02
-4.88150097e-02 1.31988633e-02 -9.98720624e-01 3.76509446e+01 3.99303783e-02 9.99139100e-01 1.12526950e-02 9.42907350e-01 9.98009349e-01 -3.93299919e-02 -4.93000204e-02 -1.06335327e+02
-5.01635393e-02 1.42819923e-02 -9.98638896e-01 3.88729074e+01 3.42726404e-02 9.99333464e-01 1.25703454e-02 9.33218777e-01 9.98152797e-01 -3.35954187e-02 -5.06195851e-02 -1.06265391e+02
-5.18299029e-02 1.68676827e-02 -9.98513466e-01 4.00825942e+01 3.20826839e-02 9.99369376e-01 1.52168235e-02 9.13074990e-01 9.98140452e-01 -3.12463054e-02 -5.23383783e-02 -1.06080932e+02
-5.15978167e-02 2.01399394e-02 -9.98464846e-01 4.13020521e+01 3.44855523e-02 9.99236291e-01 1.83733852e-02 8.91881762e-01 9.98072348e-01 -3.34845851e-02 -5.22529479e-02 -1.06010790e+02
-5.19045933e-02 2.06257688e-02 -9.98439027e-01 4.25144195e+01 4.11347331e-02 9.98982350e-01 1.84985732e-02 9.00181176e-01 9.97804513e-01 -4.01103620e-02 -5.27002081e-02 -1.05878792e+02
9.40258679e-01 -2.33595765e-02 -3.39658573e-01 5.98528402e+00 2.30339967e-02 9.99722225e-01 -4.99081309e-03 -5.89288717e-02 3.39680808e-01 -3.13103915e-03 9.40535563e-01 -2.04410791e+01
-7.73749220e-02 2.79853121e-02 -9.96609223e-01 5.53780129e+01 4.87388774e-02 9.98517012e-01 2.42548863e-02 8.94075472e-01 9.95810044e-01 -4.66968948e-02 -7.86241486e-02 -1.06043964e+02
-1.07397176e-01 3.97438995e-02 -9.93421496e-01 6.79498351e+01 3.43416689e-02 9.98752713e-01 3.62445642e-02 5.01293501e+00 9.93622915e-01 -3.02231882e-02 -1.08628093e-01 -1.05223951e+02
-1.65162134e-01 5.92677923e-02 -9.84484026e-01 9.11786377e+01 -4.62777417e-03 9.98135218e-01 6.08659991e-02 1.66675110e+01 9.86255572e-01 1.46087280e-02 -1.64579865e-01 -1.01123506e+02
-2.56363464e-01 7.02977497e-02 -9.64020747e-01 1.26168824e+02 5.55166963e-02 9.96776233e-01 5.79226886e-02 -3.94757326e+00 9.64984803e-01 -3.86699859e-02 -2.59439707e-01 -9.97675180e+01
-2.21229142e-01 5.97392181e-02 -9.73390411e-01 1.14192074e+02 -1.21331866e-01 9.88680883e-01 8.82535585e-02 6.12614752e+01 9.67644689e-01 1.37627534e-01 -2.11476753e-01 -9.86928861e+01
-8.30771519e-02 1.03410066e-02 -9.96489463e-01 5.98089277e+01 -3.92738535e-02 9.99135347e-01 1.36427183e-02 3.42549058e+01 9.95768925e-01 4.02693793e-02 -8.25991877e-02 -1.02096920e+02
-1.17060831e-01 1.89429418e-02 -9.92944070e-01 7.38753943e+01 -6.00879179e-02 9.97851273e-01 2.61204845e-02 4.14172454e+01 9.91305303e-01 6.27216274e-02 -1.15671057e-01 -9.85702713e+01
-2.87711954e-01 6.34914164e-02 -9.55610105e-01 1.42606213e+02 -2.21763054e-01 9.66265377e-01 1.30967053e-01 9.82638583e+01 9.31688242e-01 2.49599801e-01 -2.63926049e-01 -9.57263201e+01
-1.23862843e-01 1.65994957e-02 -9.92160497e-01 7.83506971e+01 -6.98016769e-02 9.97237503e-01 2.53985861e-02 4.35358059e+01 9.89841261e-01 7.24004076e-02 -1.22362000e-01 -9.96919157e+01
1.12659047e-01 -3.33057588e-02 9.93075357e-01 -7.40794488e+01 -2.94957733e-02 -9.99109730e-01 -3.01620030e-02 -4.08732321e+00 9.93195821e-01 -2.58935031e-02 -1.13541129e-01 -5.95256875e+02
9.18667114e-01 -3.78423179e-02 -3.93215834e-01 3.03266706e+01 -1.94603481e-02 9.89857169e-01 -1.40726966e-01 4.04553330e+01 3.94552947e-01 1.36933353e-01 9.08612805e-01 -1.60973722e+01
-1.03288816e-01 6.05608568e-03 -9.94632970e-01 7.25752940e+01 -1.02816319e-01 9.94559611e-01 1.67327190e-02 5.77593175e+01 9.89323115e-01 1.03992803e-01 -1.02104220e-01 -1.00251975e+02
-1.19124829e-01 -2.50767683e-04 -9.92879254e-01 7.92469449e+01 -1.70643021e-01 9.85125331e-01 2.02247987e-02 8.31357783e+01 9.78105431e-01 1.71837191e-01 -1.17395678e-01 -9.78109260e+01
-1.52264889e-01 4.35500227e-03 -9.88330126e-01 9.22437746e+01 -1.48921796e-01 9.88472087e-01 2.72989340e-02 7.31868539e+01 9.77055629e-01 1.51340567e-01 -1.49861038e-01 -9.05889798e+01
1.24800036e-01 -5.38469611e-02 9.90719666e-01 -8.65304048e+01 1.02279003e-02 -9.98403354e-01 -5.55529791e-02 -2.12739547e+01 9.92129196e-01 1.70659958e-02 -1.24050033e-01 -5.18871615e+02
-1.16515094e-01 -5.13341273e-03 -9.93175655e-01 8.01159508e+01 -1.77788422e-01 9.83942341e-01 1.57716840e-02 8.52956462e+01 9.77146616e-01 1.78412772e-01 -1.15556796e-01 -9.44926968e+01
-8.97801711e-02 2.88199495e-02 -9.95544540e-01 7.31349417e+01 -9.06817751e-02 9.95192811e-01 3.69876288e-02 5.27415602e+01 9.91824751e-01 9.35985017e-02 -8.67351367e-02 -1.41530373e+02
-1.14669852e-01 4.32410282e-02 -9.92462109e-01 8.37097384e+01 7.66237328e-02 9.96460870e-01 3.45620857e-02 -1.22392668e+01 9.90444157e-01 -7.20829223e-02 -1.17577310e-01 -1.44672075e+02
-1.51523715e-01 4.94767727e-02 -9.87214573e-01 9.87381781e+01 -5.97948604e-02 9.96458563e-01 5.91177387e-02 3.90537788e+01 9.86643369e-01 6.79880970e-02 -1.48028647e-01 -1.38330132e+02
1.50356540e-01 -5.59022696e-02 9.87050073e-01 -9.96229723e+01 8.62920100e-03 -9.98287806e-01 -5.78532057e-02 -2.00800833e+01 9.88594177e-01 1.72160613e-02 -1.49616709e-01 -5.17797056e+02
-2.26271886e-01 3.95484021e-02 -9.73260991e-01 1.26908523e+02 -2.66888389e-01 9.58421011e-01 1.00993834e-01 1.13808447e+02 9.36787928e-01 2.82604123e-01 -2.06308720e-01 -6.96575553e+01
-9.90736794e-01 5.00477985e-03 1.35703935e-01 4.08640462e+01 -5.57223711e-03 -9.99977247e-01 -3.80205889e-03 4.63414283e+00 1.35681818e-01 -4.52301413e-03 9.90742139e-01 -4.74610937e+02
8.01097699e-01 2.96044519e-02 -5.97801015e-01 -2.85526405e+02 -1.25753744e-01 9.84807628e-01 -1.19749454e-01 7.46168960e+01 5.85173883e-01 1.71106728e-01 7.92649995e-01 -6.23522350e+01
-9.10665646e-02 5.38738056e-02 -9.94386491e-01 7.94942251e+01 -4.56120751e-03 9.98502560e-01 5.45145241e-02 1.87793856e+01 9.95834362e-01 9.50005356e-03 -9.06844682e-02 -1.68070567e+02
-2.99561599e-02 -3.59991517e-02 -9.98902743e-01 5.23314984e+01 -2.87809021e-01 9.57338344e-01 -2.58701014e-02 1.26782618e+02 9.57219200e-01 2.86718252e-01 -3.90390611e-02 -9.10191424e+01
-1.47503877e-01 6.15003156e-02 -9.87147566e-01 1.02181943e+02 -4.14598755e-01 9.02299740e-01 1.18165355e-01 1.69339154e+02 8.97970199e-01 4.26700000e-01 -1.07594755e-01 -8.07825322e+01
2.13822762e-01 -1.84842221e-01 -9.59225302e-01 -4.70557884e+01 9.05404628e-01 4.06172776e-01 1.23556208e-01 -3.57938170e+02 3.66772800e-01 -8.94906157e-01 2.54205987e-01 4.92726670e+01
-1.21520349e-01 -9.63012532e-03 -9.92542223e-01 9.11304700e+01 -2.97819385e-01 9.54234522e-01 2.72046036e-02 1.28676414e+02 9.46856071e-01 2.98904228e-01 -1.18826950e-01 -7.41221743e+01
9.86477455e-01 1.20202300e-01 -1.11416506e-01 -3.73044904e+02 -9.38689296e-02 9.71619865e-01 2.17125453e-01 4.87327696e+01 1.34353469e-01 -2.03730816e-01 9.69764353e-01 7.98612677e+01
1.96259889e-01 -1.72445101e-01 9.65269259e-01 -1.26900322e+02 -1.00234523e-01 -9.82785675e-01 -1.55194581e-01 2.54834881e+01 9.75415346e-01 -6.62948328e-02 -2.10166360e-01 -4.54560687e+02
1.59431881e-01 -2.08594047e-01 9.64919685e-01 -1.14630607e+02 -2.65739374e-01 -9.50412584e-01 -1.61550315e-01 9.10957281e+01 9.50770246e-01 -2.30660882e-01 -2.06957718e-01 -4.15736427e+02
5.14310771e-01 -6.37708486e-02 -8.55229624e-01 -1.59425240e+02 4.31040630e-02 9.97893301e-01 -4.84871169e-02 5.17068533e+00 8.56519977e-01 -1.19264251e-02 5.15976056e-01 -1.37065240e+02
-9.67403308e-01 -3.28843848e-02 2.51096510e-01 -3.77912960e+00 3.85022906e-02 -9.99105395e-01 1.74923858e-02 -8.21580816e+00 2.50296651e-01 2.65899827e-02 9.67803988e-01 -4.00757468e+02
3.19417152e-01 9.11839727e-02 -9.43216924e-01 -7.29852070e+01 -8.85894061e-02 9.93873867e-01 6.60806547e-02 5.10552364e+01 9.43464149e-01 6.24517326e-02 3.25538294e-01 -1.76603813e+02
5.71167183e-01 3.26379424e-02 -8.20184621e-01 -1.77063147e+02 9.95370524e-02 9.89081410e-01 1.08675386e-01 -2.38023184e+01 8.14776303e-01 -1.43710574e-01 5.61682159e-01 -1.51524001e+02
5.74945636e-01 2.79286599e-02 -8.17714807e-01 -1.76059365e+02 1.04652339e-01 9.88697969e-01 1.07350893e-01 -2.39351144e+01 8.11471135e-01 -1.47296695e-01 5.65524783e-01 -1.52198187e+02
5.79351178e-01 2.56207285e-02 -8.14675267e-01 -1.75063159e+02 1.12467672e-01 9.87432213e-01 1.11034439e-01 -2.40755248e+01 8.07281386e-01 -1.55952564e-01 5.69188512e-01 -1.52862822e+02
5.85343368e-01 2.39152050e-02 -8.10432727e-01 -1.74075218e+02 1.17119547e-01 9.86587235e-01 1.13704176e-01 -2.42383852e+01 8.02281842e-01 -1.61473499e-01 5.74691356e-01 -1.53527937e+02
1.74109990e-01 2.03408036e-03 9.84724111e-01 -1.22406466e+02 4.19534874e-03 -9.99990323e-01 1.32383125e-03 -2.61142539e+01 9.84717274e-01 3.90076881e-03 -1.74116838e-01 -4.21132292e+02
6.24857765e-02 2.14456750e-02 -9.97815419e-01 3.44814976e+01 1.29516349e-01 9.91140958e-01 2.94128713e-02 -2.81440477e+01 9.89606509e-01 -1.31071296e-01 5.91546468e-02 -2.08345902e+02
7.05366649e-02 2.17677337e-02 -9.97271650e-01 3.56851204e+01 1.27588206e-01 9.91353137e-01 3.06628165e-02 -2.81879833e+01 9.89315839e-01 -1.29402954e-01 6.71494379e-02 -2.08406827e+02
7.49744548e-01 -2.03113414e-01 -6.29784132e-01 -2.53862032e+02 4.25493399e-01 8.76867026e-01 2.23739998e-01 -1.56435599e+02 5.06792344e-01 -4.35716834e-01 7.43849689e-01 -7.66778784e+01
-5.83089970e-01 1.68754850e-01 7.94687289e-01 2.08526072e+02 1.75343678e-01 9.81274213e-01 -7.97214740e-02 -4.41975383e+01 -7.93259529e-01 9.28586004e-02 -6.01761248e-01 5.28323542e+02
9.48777884e-01 2.77245154e-02 -3.14725083e-01 3.68109885e+01 -2.07265110e-03 9.96667149e-01 8.15493573e-02 -2.32508761e+01 3.15937068e-01 -7.67199114e-02 9.45673212e-01 -1.45273104e+02
-1.25865013e-02 7.00236815e-02 -9.97465921e-01 7.35286807e+01 1.22059966e-01 9.90192433e-01 6.79728603e-02 -3.06533678e+01 9.92442918e-01 -1.20895116e-01 -2.10101466e-02 -2.31301241e+02
-6.31132966e-03 6.92772151e-02 -9.97577483e-01 7.47421910e+01 1.24579887e-01 9.89879812e-01 6.79544728e-02 -3.07488111e+01 9.92189508e-01 -1.23849207e-01 -1.48780054e-02 -2.31246226e+02
1.59615435e-03 7.08634804e-02 -9.97484746e-01 7.59561663e+01 1.30578306e-01 9.88930749e-01 7.04647346e-02 -3.08305650e+01 9.91436714e-01 -1.30362341e-01 -7.67474708e-03 -2.31281326e+02
8.65648093e-03 6.98126540e-02 -9.97522560e-01 7.71652461e+01 1.33239949e-01 9.88584305e-01 7.03433546e-02 -3.09233948e+01 9.91046004e-01 -1.33518781e-01 -7.44173309e-04 -2.31280078e+02
1.30763343e-02 6.80821869e-02 -9.97594018e-01 7.83705863e+01 1.36202098e-01 9.88259144e-01 6.92304351e-02 -3.10105169e+01 9.90594770e-01 -1.36779678e-01 3.64987027e-03 -2.31242786e+02
1.94552134e-02 6.50515302e-02 -9.97692234e-01 7.95708570e+01 1.35260567e-01 9.88535900e-01 6.70921291e-02 -3.10941805e+01 9.90619036e-01 -1.36253709e-01 1.04332700e-02 -2.31272246e+02
2.36713039e-02 6.97520031e-02 -9.97283474e-01 8.07598785e+01 1.33941348e-01 9.88347876e-01 7.23062322e-02 -3.12019207e+01 9.90706508e-01 -1.35289075e-01 1.40528057e-02 -2.31205632e+02
3.04554534e-02 7.17657103e-02 -9.96956442e-01 8.19411181e+01 1.27220004e-01 9.89028742e-01 7.50814077e-02 -3.13125538e+01 9.91406847e-01 -1.29119441e-01 2.09912848e-02 -2.31294226e+02
3.23749971e-02 7.10581541e-02 -9.96946638e-01 8.31282632e+01 1.19724902e-01 9.90011553e-01 7.44518152e-02 -3.13706825e+01 9.92279097e-01 -1.21769716e-01 2.35441906e-02 -2.31266244e+02
3.51614113e-02 6.69039107e-02 -9.97139680e-01 8.43160653e+01 1.15927302e-01 9.90748068e-01 7.05629203e-02 -3.14558162e+01 9.92635147e-01 -1.18076805e-01 2.70801104e-02 -2.31270532e+02
9.49545508e-01 2.54589678e-02 -3.12594256e-01 3.65394257e+01 -2.49303740e-04 9.96760791e-01 8.04230251e-02 -2.30816263e+01 3.13629185e-01 -7.62873913e-02 9.46476079e-01 -1.46574318e+02
4.01359823e-02 6.23073203e-02 -9.97249668e-01 8.67184127e+01 1.18342352e-01 9.90732622e-01 6.66630268e-02 -3.16247381e+01 9.92161373e-01 -1.20692457e-01 3.23904322e-02 -2.31307941e+02
4.05914158e-02 5.85182650e-02 -9.97460751e-01 8.79272360e+01 1.22258577e-01 9.90491375e-01 6.30846732e-02 -3.17052079e+01 9.91667877e-01 -1.24508828e-01 3.30510874e-02 -2.31288336e+02
4.25929521e-02 5.67560019e-02 -9.97479121e-01 8.91394206e+01 1.26321060e-01 9.90066975e-01 6.17282394e-02 -3.17843552e+01 9.91074584e-01 -1.28631808e-01 3.50003969e-02 -2.31335203e+02
4.38748631e-02 5.57166750e-02 -9.97482154e-01 9.03570751e+01 1.31761112e-01 9.89399106e-01 6.10607708e-02 -3.18640226e+01 9.90310055e-01 -1.34108391e-01 3.60684593e-02 -2.31344876e+02
4.58564206e-02 5.69233206e-02 -9.97324884e-01 9.15744041e+01 1.33924778e-01 9.89011913e-01 6.26066332e-02 -3.19527642e+01 9.89929968e-01 -1.36437430e-01 3.77291032e-02 -2.31356614e+02
4.92472510e-02 5.36317493e-02 -9.97345649e-01 9.27860745e+01 1.34414253e-01 9.89117589e-01 5.98264394e-02 -3.20619288e+01 9.89700721e-01 -1.37003758e-01 4.15024507e-02 -2.31450174e+02
4.93810882e-02 5.47074525e-02 -9.97280604e-01 9.40043964e+01 1.30982166e-01 9.89520586e-01 6.07674431e-02 -3.21344103e+01 9.90154120e-01 -1.33626736e-01 4.16979027e-02 -2.31512981e+02
5.00109316e-02 5.43034242e-02 -9.97271300e-01 9.52235791e+01 1.28572886e-01 9.89862201e-01 6.03476274e-02 -3.22080589e+01 9.90438246e-01 -1.31240090e-01 4.25219829e-02 -2.31533699e+02
4.96959368e-02 5.66123937e-02 -9.97158639e-01 9.64359359e+01 1.27850468e-01 9.89817953e-01 6.25673890e-02 -3.22919808e+01 9.90547612e-01 -1.30596543e-01 4.19520094e-02 -2.31548973e+02
5.01783516e-02 5.59875223e-02 -9.97169760e-01 9.76292859e+01 1.27963425e-01 9.89838113e-01 6.20150947e-02 -3.23852583e+01 9.90508705e-01 -1.30713073e-01 4.25040897e-02 -2.31638713e+02
9.49050566e-01 2.33584647e-02 -3.14256911e-01 3.68135898e+01 1.86986660e-03 9.96813994e-01 7.97393520e-02 -2.29811496e+01 3.15118276e-01 -7.62642956e-02 9.45983208e-01 -1.47706270e+02
4.49311861e-02 5.34923422e-02 -9.97556895e-01 9.99981966e+01 1.30874806e-01 9.89643964e-01 5.89627861e-02 -3.25042798e+01 9.90380217e-01 -1.33204333e-01 3.74650772e-02 -2.31701442e+02
4.24768406e-02 5.46995738e-02 -9.97598955e-01 1.01182218e+02 1.35105510e-01 9.89014013e-01 5.99815186e-02 -3.25696615e+01 9.89920309e-01 -1.37328941e-01 3.46199768e-02 -2.31741028e+02
4.08886399e-02 5.70324814e-02 -9.97534669e-01 1.02369016e+02 1.35941746e-01 9.88768425e-01 6.21034956e-02 -3.26494339e+01 9.89872699e-01 -1.38145932e-01 3.26763010e-02 -2.31782341e+02
3.91122127e-02 5.71200487e-02 -9.97600890e-01 1.03563587e+02 1.34862241e-01 9.88928316e-01 6.19109254e-02 -3.27514656e+01 9.90092122e-01 -1.36960165e-01 3.09758369e-02 -2.31819794e+02
3.94854443e-02 5.90280247e-02 -9.97475108e-01 1.04760556e+02 1.31694791e-01 9.89238060e-01 6.37537673e-02 -3.28557710e+01 9.90503600e-01 -1.33879622e-01 3.12868209e-02 -2.31893626e+02
3.72663414e-02 5.96482669e-02 -9.97523586e-01 1.05965390e+02 1.27583065e-01 9.89764052e-01 6.39506326e-02 -3.29216386e+01 9.91127530e-01 -1.29650323e-01 2.92747764e-02 -2.31928603e+02
3.57256998e-02 6.33849531e-02 -9.97349498e-01 1.07176446e+02 1.27229809e-01 9.89577325e-01 6.74484585e-02 -3.29931625e+01 9.91229666e-01 -1.29302229e-01 2.72888870e-02 -2.31993894e+02
3.44594217e-02 6.79654685e-02 -9.97092395e-01 1.08394316e+02 1.29247006e-01 9.89003716e-01 7.18808792e-02 -3.30928760e+01 9.91013501e-01 -1.31348180e-01 2.52961629e-02 -2.32002489e+02
3.23189573e-02 7.27873999e-02 -9.96823695e-01 1.09616981e+02 1.31905257e-01 9.88310459e-01 7.64423933e-02 -3.31896232e+01 9.90735327e-01 -1.33956824e-01 2.23401229e-02 -2.31994501e+02
3.11622925e-02 7.28428301e-02 -9.96856476e-01 1.10837391e+02 1.34186851e-01 9.88007243e-01 7.63909504e-02 -3.33251434e+01 9.90465951e-01 -1.36145548e-01 2.10140207e-02 -2.32065521e+02
9.49023612e-01 2.39646589e-02 -3.14292664e-01 3.67531649e+01 2.14655701e-03 9.96591135e-01 8.24712216e-02 -2.34422553e+01 3.15197677e-01 -7.89417838e-02 9.45737077e-01 -1.48869391e+02
3.41707709e-02 7.37123601e-02 -9.96693958e-01 1.13250344e+02 1.37752807e-01 9.87410418e-01 7.77485117e-02 -3.36598580e+01 9.89877024e-01 -1.39954117e-01 2.35864907e-02 -2.32393270e+02
3.31594535e-02 7.95467452e-02 -9.96279462e-01 1.14480910e+02 1.36991336e-01 9.87057659e-01 8.33699631e-02 -3.37456606e+01 9.90017083e-01 -1.39246157e-01 2.18330776e-02 -2.32397611e+02
3.43323897e-02 8.50103844e-02 -9.95788392e-01 1.15710867e+02 1.35497655e-01 9.86780050e-01 8.89129764e-02 -3.38481596e+01 9.90182646e-01 -1.37979587e-01 2.23598095e-02 -2.32378923e+02
3.80986349e-02 8.76461330e-02 -9.95422850e-01 1.16941974e+02 1.34203701e-01 9.86672755e-01 9.20121829e-02 -3.39473276e+01 9.90221117e-01 -1.37094969e-01 2.58284497e-02 -2.32451666e+02
4.10418782e-02 8.50760447e-02 -9.95528820e-01 1.18177425e+02 1.33284058e-01 9.86997375e-01 8.98417596e-02 -3.40581964e+01 9.90227713e-01 -1.36375396e-01 2.91689455e-02 -2.32448374e+02
4.59615071e-02 8.34511040e-02 -9.95451382e-01 1.19416037e+02 1.33654948e-01 9.87031030e-01 8.89162581e-02 -3.41680514e+01 9.89961562e-01 -1.37133728e-01 3.42117807e-02 -2.32473253e+02
5.70870791e-02 8.73885388e-02 -9.94537233e-01 1.20639458e+02 1.34283491e-01 9.86437759e-01 9.43848088e-02 -3.43869178e+01 9.89297230e-01 -1.38938084e-01 4.45780123e-02 -2.32558310e+02
6.34468842e-02 8.59052141e-02 -9.94281040e-01 1.21880756e+02 1.33832614e-01 9.86556905e-01 9.37779568e-02 -3.45134537e+01 9.88970841e-01 -1.39017149e-01 5.10970424e-02 -2.32547824e+02
7.08108912e-02 8.60527974e-02 -9.93770966e-01 1.23123830e+02 1.31717052e-01 9.86741090e-01 9.48295292e-02 -3.46292176e+01 9.88754993e-01 -1.37611546e-01 5.85373952e-02 -2.32566364e+02
8.03945358e-02 8.26978073e-02 -9.93326629e-01 1.24364783e+02 1.31019437e-01 9.87028996e-01 9.27775194e-02 -3.47628121e+01 9.88114682e-01 -1.37603902e-01 6.85167178e-02 -2.32634459e+02
9.27051994e-01 2.50580648e-02 -3.74094498e-01 4.59527358e+01 1.34403020e-02 9.94901835e-01 9.99484720e-02 -2.62128269e+01 3.74691817e-01 -9.76853734e-02 9.21988942e-01 -1.46589627e+02
9.88154625e-02 7.59528454e-02 -9.92202938e-01 1.26855838e+02 1.33626302e-01 9.87039462e-01 8.88656919e-02 -3.50037665e+01 9.86093056e-01 -1.41365714e-01 8.73854631e-02 -2.32705030e+02
1.07897512e-01 6.81868326e-02 -9.91820892e-01 1.28103826e+02 1.36137925e-01 9.87233624e-01 8.26815385e-02 -3.50611617e+01 9.84796726e-01 -1.43945570e-01 9.72372382e-02 -2.32804237e+02
1.18644519e-01 6.48318808e-02 -9.90817998e-01 1.29351459e+02 1.38001098e-01 9.87104989e-01 8.11137332e-02 -3.51782811e+01 9.83300145e-01 -1.46357671e-01 1.08167726e-01 -2.32863481e+02
1.27540817e-01 6.15759930e-02 -9.89920066e-01 1.30599897e+02 1.39609593e-01 9.87019520e-01 7.93828021e-02 -3.52558484e+01 9.81958503e-01 -1.48326885e-01 1.17288677e-01 -2.32954254e+02
1.38226803e-01 6.49658299e-02 -9.88267571e-01 1.31839537e+02 1.37577472e-01 9.86912541e-01 8.41194114e-02 -3.54211545e+01 9.80798547e-01 -1.47590911e-01 1.27479930e-01 -2.33020148e+02
1.49097310e-01 6.44399875e-02 -9.86720568e-01 1.33077139e+02 1.37783959e-01 9.86785511e-01 8.52639202e-02 -3.55448083e+01 9.79175966e-01 -1.48666888e-01 1.38248269e-01 -2.33151683e+02
1.59625397e-01 5.96226781e-02 -9.85375496e-01 1.34309976e+02 1.38450192e-01 9.86956683e-01 8.21465197e-02 -3.56744234e+01 9.77420727e-01 -1.49538098e-01 1.49288582e-01 -2.33305320e+02
1.70985191e-01 5.99111796e-02 -9.83450413e-01 1.35538956e+02 1.33811707e-01 9.87489334e-01 8.34220720e-02 -3.57977596e+01 9.76144708e-01 -1.45861118e-01 1.60829235e-01 -2.33468545e+02
1.81939421e-01 6.15510558e-02 -9.81381432e-01 1.36767432e+02 1.27437958e-01 9.88145741e-01 8.56011732e-02 -3.58872849e+01 9.75016725e-01 -1.40639474e-01 1.71938724e-01 -2.33641136e+02
1.93328743e-01 6.21156382e-02 -9.79165790e-01 1.37988486e+02 1.23182490e-01 9.88560229e-01 8.70330298e-02 -3.59708351e+01 9.73370470e-01 -1.37442066e-01 1.83465548e-01 -2.33850387e+02
9.71072818e-01 5.95942879e-03 -2.38709168e-01 2.43360489e+01 1.52960769e-02 9.96082824e-01 8.70921267e-02 -2.42247256e+01 2.38293122e-01 -8.82241107e-02 9.67177799e-01 -1.52768774e+02
2.15234277e-01 6.77621630e-02 -9.74208651e-01 1.40397180e+02 1.18448078e-01 9.88413072e-01 9.49191880e-02 -3.62507338e+01 9.69352495e-01 -1.35823005e-01 2.04714075e-01 -2.34356690e+02
2.24888937e-01 7.22605997e-02 -9.71701277e-01 1.41593927e+02 1.13992971e-01 9.88447236e-01 9.98882583e-02 -3.63699058e+01 9.67693427e-01 -1.33230880e-01 2.14053647e-01 -2.34653328e+02
2.33185220e-01 8.18910817e-02 -9.68978072e-01 1.42795303e+02 1.05478568e-01 9.88438603e-01 1.08919234e-01 -3.65097998e+01 9.66694846e-01 -1.27604775e-01 2.21851519e-01 -2.34940837e+02
9.96488232e-01 -1.41148993e-02 8.25346776e-02 -2.59518428e+01 9.92520532e-03 9.98651653e-01 5.09545482e-02 -1.85500998e+01 -8.31426105e-02 -4.99564341e-02 9.95284714e-01 -1.54059056e+02
2.49134841e-01 9.09675761e-02 -9.64187083e-01 1.45213207e+02 1.01350873e-01 9.87663260e-01 1.19370367e-01 -3.68287095e+01 9.63150991e-01 -1.27460520e-01 2.36841686e-01 -2.35498873e+02
2.57261195e-01 9.24738624e-02 -9.61907097e-01 1.46408016e+02 1.08331167e-01 9.86376242e-01 1.23799301e-01 -3.70013767e+01 9.60250507e-01 -1.36053274e-01 2.43738529e-01 -2.35826537e+02
2.65010171e-01 9.54238304e-02 -9.59512325e-01 1.47607872e+02 1.13550236e-01 9.85078965e-01 1.29328173e-01 -3.71751086e+01 9.57536398e-01 -1.43226132e-01 2.50220546e-01 -2.36132292e+02
2.70393286e-01 9.28233251e-02 -9.58264734e-01 1.48811456e+02 1.15764948e-01 9.84984657e-01 1.28076941e-01 -3.73478395e+01 9.55764588e-01 -1.45564613e-01 2.55587551e-01 -2.36429925e+02
2.74516983e-01 8.50468360e-02 -9.57813897e-01 1.50020214e+02 1.16755038e-01 9.85763324e-01 1.20991450e-01 -3.75242449e+01 9.54467751e-01 -1.45043806e-01 2.60679127e-01 -2.36724586e+02
2.78251804e-01 7.77664104e-02 -9.57354855e-01 1.51232886e+02 1.19829364e-01 9.86119565e-01 1.14930963e-01 -3.76835462e+01 9.53004122e-01 -1.46698971e-01 2.65070848e-01 -2.37028460e+02
2.82112740e-01 7.59712044e-02 -9.56368537e-01 1.52447092e+02 1.23288511e-01 9.85723327e-01 1.14671117e-01 -3.78261936e+01 9.51426479e-01 -1.50259436e-01 2.68718732e-01 -2.37339473e+02
2.86263869e-01 7.40241073e-02 -9.55287092e-01 1.53661015e+02 1.27161953e-01 9.85256593e-01 1.14452099e-01 -3.80095462e+01 9.49675121e-01 -1.54239673e-01 2.72630315e-01 -2.37641015e+02
2.90366676e-01 7.27457118e-02 -9.54146349e-01 1.54865195e+02 1.29587040e-01 9.84931640e-01 1.14528879e-01 -3.82004302e+01 9.48100413e-01 -1.56900371e-01 2.76564425e-01 -2.37972500e+02
2.94357859e-01 7.08982499e-02 -9.53061849e-01 1.56077405e+02 1.27868913e-01 9.85356356e-01 1.12793583e-01 -3.83397145e+01 9.47102419e-01 -1.55068660e-01 2.80981705e-01 -2.38290083e+02
8.63743389e-01 -2.61783856e-02 5.03251478e-01 -8.97251902e+01 2.89879230e-02 9.99577243e-01 2.24379203e-03 -1.12055143e+01 -5.03097464e-01 1.26501545e-02 8.64137093e-01 -1.29335408e+02
3.02148632e-01 7.14203752e-02 -9.50581577e-01 1.58478963e+02 1.21964867e-01 9.86097391e-01 1.12856136e-01 -3.86294852e+01 9.45426240e-01 -1.50036882e-01 2.89237201e-01 -2.38969628e+02
3.05172255e-01 6.89377611e-02 -9.49798652e-01 1.59685927e+02 1.20990629e-01 9.86486949e-01 1.10475188e-01 -3.87380971e+01 9.44579887e-01 -1.48630698e-01 2.92707624e-01 -2.39291718e+02
3.08872689e-01 6.91389640e-02 -9.48587089e-01 1.60877656e+02 1.21332997e-01 9.86341071e-01 1.11398363e-01 -3.88973640e+01 9.43332373e-01 -1.49502827e-01 2.96264981e-01 -2.39644918e+02
3.13586806e-01 7.23749383e-02 -9.46797330e-01 1.62054207e+02 1.21043580e-01 9.85909989e-01 1.15455379e-01 -3.90705076e+01 9.41813021e-01 -1.50809022e-01 3.00407843e-01 -2.40030537e+02
3.15626238e-01 7.63907268e-02 -9.45803645e-01 1.63240828e+02 1.18488531e-01 9.85779502e-01 1.19160570e-01 -3.92291693e+01 9.41456609e-01 -1.49677087e-01 3.02086450e-01 -2.40376035e+02
3.17521201e-01 7.80785228e-02 -9.45031233e-01 1.64421636e+02 1.17597213e-01 9.85668605e-01 1.20947492e-01 -3.93763792e+01 9.40931019e-01 -1.49536432e-01 3.03788863e-01 -2.40747446e+02
3.19544631e-01 7.76236573e-02 -9.44386466e-01 1.65603804e+02 1.17289778e-01 9.85734510e-01 1.20708672e-01 -3.95440312e+01 9.40284179e-01 -1.49338687e-01 3.05881708e-01 -2.41113886e+02
3.22812672e-01 8.20167206e-02 -9.42902559e-01 1.66770792e+02 1.15860869e-01 9.85321248e-01 1.25372630e-01 -3.97359855e+01 9.39344579e-01 -1.49717383e-01 3.08571656e-01 -2.41502440e+02
3.26173549e-01 8.45194546e-02 -9.41523913e-01 1.67926305e+02 1.17541341e-01 9.84639359e-01 1.29109900e-01 -3.99667178e+01 9.37973800e-01 -1.52780218e-01 3.11228784e-01 -2.41880103e+02
3.29879433e-01 8.76357657e-02 -9.39946558e-01 1.69069571e+02 1.18055057e-01 9.84035818e-01 1.33178495e-01 -4.01532484e+01 9.36612280e-01 -1.54898291e-01 3.14267333e-01 -2.42301151e+02
6.52774420e-01 -1.69949031e-02 7.57361690e-01 -1.26738665e+02 5.82335049e-02 9.97915867e-01 -2.77989490e-02 -6.86016771e+00 -7.55310807e-01 6.22502685e-02 6.52403624e-01 -9.41824894e+01
6.50913151e-01 -1.47083678e-02 7.59009706e-01 -1.27666974e+02 5.73041045e-02 9.97911768e-01 -2.98050759e-02 -6.80675574e+00 -7.56986333e-01 6.28948874e-02 6.50396744e-01 -9.49814404e+01
6.48066809e-01 -1.22536605e-02 7.61484904e-01 -1.28608352e+02 5.57795667e-02 9.97948835e-01 -3.14127824e-02 -6.79012745e+00 -7.59538051e-01 6.28328797e-02 6.47421021e-01 -9.57641475e+01
6.45623869e-01 -1.09643428e-02 7.63576848e-01 -1.29522578e+02 5.49154712e-02 9.97974815e-01 -3.21023366e-02 -6.75113649e+00 -7.61678483e-01 6.26582172e-02 6.44918473e-01 -9.65800464e+01
6.43416549e-01 -1.07610902e-02 7.65440621e-01 -1.30432571e+02 5.56955260e-02 9.97909311e-01 -3.27874302e-02 -6.68738372e+00 -7.63487494e-01 6.37275932e-02 6.42670709e-01 -9.74001531e+01
6.39878541e-01 -8.49538529e-03 7.68429100e-01 -1.31415264e+02 5.37787089e-02 9.97982398e-01 -3.37488479e-02 -6.68183543e+00 -7.66592006e-01 6.29202884e-02 6.39044391e-01 -9.81328992e+01
6.35776171e-01 -5.90889060e-03 7.71850857e-01 -1.32415330e+02 5.12728606e-02 9.98085383e-01 -3.45928043e-02 -6.68597273e+00 -7.70168653e-01 6.15682820e-02 6.34861869e-01 -9.88485855e+01
6.32987340e-01 -3.93368849e-03 7.74152151e-01 -1.33328838e+02 4.87346312e-02 9.98206180e-01 -3.47758156e-02 -6.64289331e+00 -7.72626664e-01 5.97406706e-02 6.32043582e-01 -9.96722129e+01
6.29378850e-01 -6.76492946e-03 7.77069172e-01 -1.34261446e+02 4.85293761e-02 9.98352469e-01 -3.06144932e-02 -6.57821070e+00 -7.75581822e-01 5.69787966e-02 6.28670227e-01 -1.00473527e+02
6.23072147e-01 -1.15376920e-02 7.82079268e-01 -1.35197476e+02 4.80935624e-02 9.98564369e-01 -2.35840942e-02 -6.50677724e+00 -7.80684385e-01 5.23075703e-02 6.22732535e-01 -1.01267950e+02
6.16320851e-01 -1.28184380e-02 7.87390816e-01 -1.36175847e+02 4.46308149e-02 9.98829007e-01 -1.86736674e-02 -6.54039830e+00 -7.86229419e-01 4.66508643e-02 6.16171240e-01 -1.02007420e+02
6.10837354e-01 -1.70179025e-02 7.91573192e-01 -1.37080397e+02 4.38817456e-02 9.98959949e-01 -1.23859758e-02 -6.52063044e+00 -7.90539132e-01 4.23014301e-02 6.10948828e-01 -1.02830359e+02
6.04630776e-01 -2.10831854e-02 7.96226804e-01 -1.38018669e+02 4.43328958e-02 9.98990775e-01 -7.21292657e-03 -6.49407552e+00 -7.95271161e-01 3.96601973e-02 6.04955246e-01 -1.03613617e+02
5.99552757e-01 -2.37328976e-02 7.99983276e-01 -1.38934114e+02 4.72292094e-02 9.98867453e-01 -5.76310016e-03 -6.50780781e+00 -7.98940482e-01 4.12378603e-02 5.99994621e-01 -1.04418641e+02
5.94401827e-01 -3.26018513e-02 8.03507055e-01 -1.39873501e+02 5.63920280e-02 9.98407974e-01 -1.20668038e-03 -6.49342104e+00 -8.02188511e-01 4.60286454e-02 5.95294008e-01 -1.05185792e+02
5.87715477e-01 -3.97919280e-02 8.08088560e-01 -1.40858640e+02 6.62781790e-02 9.97800750e-01 9.30224852e-04 -6.46576641e+00 -8.06348387e-01 5.30119307e-02 5.89060280e-01 -1.05882637e+02
5.81381812e-01 -4.45507751e-02 8.12410252e-01 -1.41799765e+02 7.39011843e-02 9.97263941e-01 1.80214014e-03 -6.47349757e+00 -8.10267736e-01 5.89903482e-02 5.83083472e-01 -1.06626421e+02
5.75945053e-01 -4.73951511e-02 8.16113347e-01 -1.42726004e+02 7.91600418e-02 9.96859859e-01 2.02727872e-03 -6.44761056e+00 -8.13646719e-01 6.34359655e-02 5.77888306e-01 -1.07370271e+02
5.68404789e-01 -5.16125190e-02 8.21128579e-01 -1.43697867e+02 8.12863375e-02 9.96670383e-01 6.37796039e-03 -6.43449248e+00 -8.18723718e-01 6.31212716e-02 5.70707612e-01 -1.08037348e+02
5.60146386e-01 -5.50995962e-02 8.26559169e-01 -1.44722406e+02 8.17367547e-02 9.96592778e-01 1.10425390e-02 -6.44348593e+00 -8.24351338e-01 6.13748257e-02 5.62741505e-01 -1.08612174e+02
5.55045137e-01 -5.76808043e-02 8.29817945e-01 -1.45656893e+02 8.13393029e-02 9.96575593e-01 1.48662695e-02 -6.45079561e+00 -8.27833808e-01 5.92453625e-02 5.57836152e-01 -1.09319284e+02
5.47108263e-01 -5.75040114e-02 8.35084330e-01 -1.46651194e+02 8.03225266e-02 9.96640419e-01 1.60052148e-02 -6.49914683e+00 -8.33199160e-01 5.83194980e-02 5.49889076e-01 -1.09944817e+02
5.40344180e-01 -5.95202729e-02 8.39336348e-01 -1.47602122e+02 8.20665811e-02 9.96467334e-01 1.78305256e-02 -6.53096499e+00 -8.37432531e-01 5.92468437e-02 5.43319950e-01 -1.10631719e+02
5.30280537e-01 -6.30715130e-02 8.45472966e-01 -1.48645072e+02 8.53549677e-02 9.96133969e-01 2.07760617e-02 -6.56485935e+00 -8.43514719e-01 6.11481766e-02 5.33613923e-01 -1.11161593e+02
5.23178617e-01 -6.21619777e-02 8.49952953e-01 -1.49607345e+02 8.69639197e-02 9.96024193e-01 1.93153872e-02 -6.59480227e+00 -8.47774387e-01 6.38098428e-02 5.26504409e-01 -1.11833992e+02
5.13069541e-01 -6.09209667e-02 8.56182388e-01 -1.50658181e+02 8.85361917e-02 9.95913762e-01 1.78078948e-02 -6.62900647e+00 -8.53768697e-01 6.66664397e-02 5.16366727e-01 -1.12374126e+02
5.05380245e-01 -6.05017752e-02 8.60773108e-01 -1.51654653e+02 8.83537297e-02 9.95924215e-01 1.81266739e-02 -6.65923776e+00 -8.58361478e-01 6.68916516e-02 5.08665981e-01 -1.13024589e+02
4.97084614e-01 -6.35205391e-02 8.65373924e-01 -1.52650149e+02 8.97805246e-02 9.95729106e-01 2.15175565e-02 -6.69809994e+00 -8.63044810e-01 6.69976786e-02 5.00664525e-01 -1.13682845e+02
4.87151142e-01 -6.27222547e-02 8.71062388e-01 -1.53687921e+02 8.87660294e-02 9.95808157e-01 2.20614052e-02 -6.74506057e+00 -8.68794773e-01 6.65735108e-02 4.90676687e-01 -1.14265319e+02
4.79256044e-01 -6.35087422e-02 8.75374368e-01 -1.54703570e+02 8.87946384e-02 9.95769630e-01 2.36295582e-02 -6.80663096e+00 -8.73171894e-01 6.64039419e-02 4.82867849e-01 -1.14878027e+02
4.73637615e-01 -6.34766146e-02 8.78429354e-01 -1.55741788e+02 9.02228538e-02 9.95649005e-01 2.33000991e-02 -6.82609466e+00 -8.76086324e-01 6.82185998e-02 4.77303861e-01 -1.15468930e+02
4.69804260e-01 -6.30576669e-02 8.80515581e-01 -1.56800466e+02 9.10667133e-02 9.95585831e-01 2.27091834e-02 -6.84521394e+00 -8.78060824e-01 6.95167888e-02 4.73472919e-01 -1.16015249e+02
4.66776108e-01 -6.07325239e-02 8.82287723e-01 -1.57844429e+02 8.89426579e-02 9.95804866e-01 2.14912150e-02 -6.90904380e+00 -8.79891623e-01 6.84414294e-02 4.70219632e-01 -1.16586410e+02
4.63291795e-01 -5.46578062e-02 8.84518647e-01 -1.58889077e+02 8.55106847e-02 9.96196108e-01 1.67701328e-02 -6.97270766e+00 -8.82070652e-01 6.78663302e-02 4.66203310e-01 -1.17150474e+02
4.59618810e-01 -4.66933315e-02 8.86887976e-01 -1.59968813e+02 8.41974177e-02 9.96410011e-01 8.82522508e-03 -6.97521367e+00 -8.84116137e-01 7.06174379e-02 4.61900242e-01 -1.17638155e+02
4.55561625e-01 -4.06885697e-02 8.89273887e-01 -1.61036521e+02 8.35453694e-02 9.96500053e-01 2.79564895e-03 -7.00732620e+00 -8.86275226e-01 7.30211250e-02 4.57366525e-01 -1.18136130e+02
4.52962372e-01 -3.40333996e-02 8.90879800e-01 -1.62071863e+02 8.25740711e-02 9.96577248e-01 -3.91302546e-03 -7.01681350e+00 -8.87697365e-01 7.53360252e-02 4.54222270e-01 -1.18695685e+02
4.47935438e-01 -3.27517039e-02 8.93465819e-01 -1.63128593e+02 8.39712661e-02 9.96452599e-01 -5.57176928e-03 -7.01299386e+00 -8.90113852e-01 7.75212490e-02 4.49096633e-01 -1.19207997e+02
4.43823241e-01 -3.30887741e-02 8.95503246e-01 -1.64190325e+02 8.24908029e-02 9.96583556e-01 -4.05984833e-03 -7.02622639e+00 -8.92309474e-01 7.56726368e-02 4.45036464e-01 -1.19716797e+02
4.39192952e-01 -3.77242690e-02 8.97600373e-01 -1.65234525e+02 8.33210626e-02 9.96522133e-01 1.11301824e-03 -7.03092327e+00 -8.94520626e-01 7.43001871e-02 4.40808724e-01 -1.20270828e+02
4.33686242e-01 -4.37445988e-02 9.00001474e-01 -1.66301632e+02 8.65218695e-02 9.96227226e-01 6.72911779e-03 -7.03863269e+00 -8.96900334e-01 7.49514843e-02 4.35834906e-01 -1.20773390e+02
4.30356575e-01 -4.35073270e-02 9.01609855e-01 -1.67355065e+02 9.04077353e-02 9.95892764e-01 4.90352763e-03 -7.05306140e+00 -8.98120070e-01 7.94022398e-02 4.32522398e-01 -1.21305806e+02
4.26540991e-01 -4.69773041e-02 9.03247428e-01 -1.68413632e+02 9.95163788e-02 9.95024558e-01 4.75590222e-03 -7.03554102e+00 -8.98976792e-01 8.78593259e-02 4.29093772e-01 -1.21836664e+02
4.22404862e-01 -4.58854037e-02 9.05245084e-01 -1.69482787e+02 1.05195259e-01 9.94450709e-01 1.32094964e-03 -7.04452408e+00 -9.00282228e-01 9.46695160e-02 4.24887741e-01 -1.22357663e+02
4.19117013e-01 -4.38520624e-02 9.06872607e-01 -1.70539641e+02 1.07803132e-01 9.94170723e-01 -1.74852581e-03 -7.02714654e+00 -9.01509520e-01 9.84965445e-02 4.21401254e-01 -1.22913744e+02
4.13255025e-01 -3.88074878e-02 9.09788032e-01 -1.71629127e+02 1.04175365e-01 9.94546889e-01 -4.89688444e-03 -7.02398473e+00 -9.04636821e-01 9.68011624e-02 4.15044284e-01 -1.23412256e+02
4.08887200e-01 -2.64145162e-02 9.12202571e-01 -1.72716996e+02 9.36457873e-02 9.95518746e-01 -1.31488532e-02 -7.03238271e+00 -9.07767440e-01 9.08003258e-02 4.09528480e-01 -1.23934443e+02
4.03036380e-01 -2.11077026e-02 9.14940512e-01 -1.73827375e+02 8.41318588e-02 9.96355226e-01 -1.40746091e-02 -7.02558367e+00 -9.11308678e-01 8.26482255e-02 4.03343234e-01 -1.24408564e+02
3.94461593e-01 -1.40239516e-02 9.18805410e-01 -1.74954089e+02 7.77769839e-02 9.96805070e-01 -1.81767398e-02 -7.06418729e+00 -9.15614981e-01 7.86319393e-02 3.94292056e-01 -1.24835352e+02
3.85893575e-01 -8.24639656e-03 9.22506447e-01 -1.76082359e+02 7.93393317e-02 9.96551928e-01 -2.42801294e-02 -7.05559028e+00 -9.19125355e-01 8.25605910e-02 3.85217250e-01 -1.25246153e+02
3.81212481e-01 3.09308595e-04 9.24487398e-01 -1.77152484e+02 7.62838226e-02 9.96579266e-01 -3.17890713e-02 -7.09171560e+00 -9.21334805e-01 8.26418234e-02 3.79884860e-01 -1.25775685e+02
3.71548462e-01 6.56187780e-03 9.28390372e-01 -1.78287504e+02 7.30077914e-02 9.96671900e-01 -3.62627326e-02 -7.08357682e+00 -9.25538547e-01 8.12530931e-02 3.69832844e-01 -1.26135942e+02
3.67907591e-01 1.10206541e-02 9.29797047e-01 -1.79361183e+02 6.54217991e-02 9.97145070e-01 -3.77053977e-02 -7.06749885e+00 -9.27558080e-01 7.47010977e-02 3.66136250e-01 -1.26647728e+02
3.63317048e-01 1.13112977e-02 9.31596896e-01 -1.80450765e+02 6.38108221e-02 9.97276080e-01 -3.69945909e-02 -7.03871254e+00 -9.29477758e-01 7.28867294e-02 3.61605618e-01 -1.27123429e+02
3.58286486e-01 1.42053640e-02 9.33503616e-01 -1.81562009e+02 6.43582618e-02 9.97129888e-01 -3.98748197e-02 -6.99371114e+00 -9.31390793e-01 7.43652792e-02 3.56343931e-01 -1.27539252e+02
