1.00000000e+00 0.00000000e+00 0.00000000e+00 0.00000000e+00 0.00000000e+00 1.00000000e+00 0.00000000e+00 0.00000000e+00 0.00000000e+00 0.00000000e+00 1.00000000e+00 0.00000000e+00
9.99999379e-01 -7.61758223e-04 -8.13615118e-04 5.99189563e-03 7.64985700e-04 9.99991811e-01 3.97391760e-03 6.93835485e-03 8.10581291e-04 -3.97453753e-03 9.99991773e-01 -8.00149784e-01
9.99997547e-01 5.78988633e-04 -2.13799788e-03 2.43216439e-02 -5.69030714e-04 9.99989002e-01 4.65526562e-03 5.31690593e-03 2.14066971e-03 -4.65403761e-03 9.99986879e-01 -1.50431040e+00
9.99996190e-01 2.17115426e-03 -1.70483499e-03 1.21680857e-02 -2.16898025e-03 9.99996834e-01 1.27601488e-03 -8.60514023e-03 1.70760002e-03 -1.27231227e-03 9.99997733e-01 -2.24570611e+00
9.99977708e-01 4.65434072e-03 -4.78749855e-03 7.94827017e-02 -4.67645337e-03 9.99978402e-01 -4.61805540e-03 -6.99612549e-03 4.76590115e-03 4.64034097e-03 9.99977876e-01 -3.02887209e+00
9.99954135e-01 8.60415335e-03 -4.20674640e-03 9.40756238e-02 -8.62392241e-03 9.99951749e-01 -4.70403543e-03 -2.45647622e-03 4.16606918e-03 4.74009834e-03 9.99980087e-01 -3.88528907e+00
9.99929470e-01 1.16744382e-02 -2.18229291e-03 8.04143746e-02 -1.16791460e-02 9.99929470e-01 -2.15714227e-03 3.34380562e-03 2.15695556e-03 2.18247744e-03 9.99995292e-01 -4.71552408e+00
9.99892333e-01 1.43874760e-02 -2.88507945e-03 1.05968949e-01 -1.43839013e-02 9.99895758e-01 1.25598280e-03 1.40508454e-02 2.90284913e-03 -1.21434888e-03 9.99995049e-01 -5.48641809e+00
9.99880618e-01 1.52669028e-02 -2.38154683e-03 1.25147560e-01 -1.52629592e-02 9.99882127e-01 1.66535381e-03 2.12444172e-02 2.40669091e-03 -1.62880555e-03 9.99995777e-01 -6.27185948e+00
9.99897410e-01 1.42535233e-02 -1.41664465e-03 1.31806653e-01 -1.42536377e-02 9.99898409e-01 -7.07162828e-05 1.80078343e-02 1.41549277e-03 9.09013677e-05 9.99998994e-01 -7.20332568e+00
9.99902239e-01 1.38809175e-02 1.68329893e-03 9.22168104e-02 -1.38768392e-02 9.99900806e-01 -2.41074309e-03 1.25256002e-02 -1.71659529e-03 2.38714854e-03 9.99995677e-01 -7.98905895e+00
9.99892358e-01 1.40811882e-02 4.12223248e-03 7.03884566e-02 -1.40645937e-02 9.99892978e-01 -4.02730015e-03 1.66192147e-02 -4.17850048e-03 3.96888912e-03 9.99983394e-01 -8.67435129e+00
9.99860537e-01 1.59503421e-02 4.94911640e-03 6.98968642e-02 -1.59275035e-02 9.99862474e-01 -4.62029396e-03 1.61718806e-02 -5.02213104e-03 4.54082253e-03 9.99977079e-01 -9.29018797e+00
9.99840350e-01 1.64426352e-02 6.99382689e-03 4.90269441e-02 -1.64153124e-02 9.99857472e-01 -3.94633971e-03 1.12699291e-02 -7.05771829e-03 3.83090383e-03 9.99967756e-01 -9.88274516e+00
9.99831981e-01 1.74148704e-02 5.72124554e-03 7.85251051e-02 -1.73933791e-02 9.99841560e-01 -3.78492449e-03 2.38925268e-02 -5.78625303e-03 3.68477676e-03 9.99976471e-01 -1.03186866e+01
9.99783433e-01 1.96424043e-02 6.87479347e-03 8.36574895e-02 -1.96180037e-02 9.99801071e-01 -3.59891509e-03 3.94786744e-02 -6.94411722e-03 3.46326596e-03 9.99969892e-01 -1.06541745e+01
9.99736218e-01 2.09897342e-02 9.32342333e-03 7.58335466e-02 -2.09758034e-02 9.99778720e-01 -1.58946063e-03 3.63976221e-02 -9.35472260e-03 1.39347506e-03 9.99955273e-01 -1.09392842e+01
9.99736747e-01 1.84526697e-02 1.36358335e-02 4.71201878e-02 -1.84642732e-02 9.99829258e-01 7.25541157e-04 2.51519663e-02 -1.36201171e-02 -9.77125911e-04 9.99906764e-01 -1.12388643e+01
9.99749941e-01 1.68885306e-02 1.46571848e-02 5.43219421e-02 -1.68969532e-02 9.99857135e-01 4.50982806e-04 3.36730150e-02 -1.46474744e-02 -6.98531800e-04 9.99892476e-01 -1.15398206e+01
9.99729866e-01 1.53558410e-02 1.74468812e-02 4.88896024e-02 -1.53538918e-02 9.99882092e-01 -2.45675677e-04 3.73390458e-02 -1.74485967e-02 -2.22682145e-05 9.99847761e-01 -1.18304747e+01
9.99699789e-01 1.50455417e-02 1.93381198e-02 4.71026238e-02 -1.50200363e-02 9.99886122e-01 -1.46348954e-03 4.05546011e-02 -1.93579366e-02 1.17259093e-03 9.99811930e-01 -1.21257854e+01
9.99669717e-01 1.54297363e-02 2.05518778e-02 4.16064151e-02 -1.53642146e-02 9.99876378e-01 -3.34221329e-03 4.79888554e-02 -2.06009065e-02 3.02534595e-03 9.99783201e-01 -1.24150510e+01
9.99626007e-01 1.47041322e-02 2.30571900e-02 -4.15023095e-02 -1.46203905e-02 9.99885910e-01 -3.79630072e-03 4.32108925e-02 -2.31103807e-02 3.45777581e-03 9.99726940e-01 -1.55059232e+01
9.99573752e-01 1.53604409e-02 2.48268380e-02 -9.14380812e-02 -1.52835924e-02 9.99877812e-01 -3.28218523e-03 3.51425646e-02 -2.48742203e-02 2.90134293e-03 9.99686379e-01 -1.77446597e+01
9.99510803e-01 1.53033853e-02 2.72756462e-02 -1.61455440e-01 -1.52489769e-02 9.99881304e-01 -2.20166104e-03 2.38263665e-02 -2.73061015e-02 1.78465830e-03 9.99625526e-01 -1.95809207e+01
9.99499380e-01 1.45881638e-02 2.80744697e-02 -1.87366750e-01 -1.45212240e-02 9.99891215e-01 -2.58677873e-03 2.72629522e-02 -2.81091520e-02 2.17780807e-03 9.99602487e-01 -2.09962942e+01
9.98435399e-01 2.11174803e-02 5.17765066e-02 -5.76218834e-01 -2.21793482e-02 9.99553527e-01 2.00205559e-02 -1.75805022e+00 -5.13306061e-02 -2.11376008e-02 9.98457996e-01 -3.14446406e+01
9.95347233e-01 2.56775016e-02 9.28684672e-02 -2.26720561e+00 -2.93749768e-02 9.98820229e-01 3.86686031e-02 -3.35878889e+00 -9.17659906e-02 -4.12166962e-02 9.94927227e-01 -4.18926927e+01
9.99694991e-01 -2.25141734e-02 1.01507342e-02 7.73977591e-01 2.24203187e-02 9.99705683e-01 9.26699576e-03 -8.66839194e-01 -1.03563855e-02 -9.03658655e-03 9.99905538e-01 -2.04826844e+01
9.97091191e-01 -7.60611582e-02 4.88431829e-03 1.10509902e+00 7.58549730e-02 9.96550299e-01 3.36678569e-02 -2.10171078e+00 -7.42828504e-03 -3.31994237e-02 9.99421142e-01 -2.05290255e+01
9.96726448e-01 -8.07971074e-02 -2.86611184e-03 1.60470256e+00 8.08475359e-02 9.95984987e-01 3.84393200e-02 -2.25726534e+00 -2.51181507e-04 -3.85452050e-02 9.99256826e-01 -2.04346432e+01
9.96696484e-01 -8.11868714e-02 -2.19353848e-03 1.65261698e+00 8.12091192e-02 9.95878275e-01 4.03923179e-02 -2.33785633e+00 -1.09482860e-03 -4.04370165e-02 9.99181490e-01 -2.22273981e+01
9.96610716e-01 -8.22516002e-02 -1.32487889e-03 1.66337594e+00 8.22371951e-02 9.95780083e-01 4.07316927e-02 -2.38807601e+00 -2.03095890e-03 -4.07025957e-02 9.99169242e-01 -2.35669608e+01
9.96745302e-01 -8.05780625e-02 2.44511571e-03 1.64156133e+00 8.04186421e-02 9.95974631e-01 3.95900961e-02 -2.41168887e+00 -5.62536645e-03 -3.92646094e-02 9.99213013e-01 -2.46579113e+01
9.96688444e-01 -8.12052588e-02 4.22518979e-03 1.64561051e+00 8.09707539e-02 9.95903885e-01 4.02391495e-02 -2.43570685e+00 -7.47551348e-03 -3.97637785e-02 9.99181144e-01 -2.54791078e+01
9.96632478e-01 -8.19024023e-02 3.96230951e-03 1.67967688e+00 8.16763638e-02 9.95838227e-01 4.04375842e-02 -2.46181086e+00 -7.25775456e-03 -3.99777827e-02 9.99174210e-01 -2.60833351e+01
9.96639303e-01 -8.16583525e-02 6.48174808e-03 1.67355978e+00 8.13394496e-02 9.95896435e-01 3.96759929e-02 -2.48940037e+00 -9.69502602e-03 -3.90154321e-02 9.99191574e-01 -2.66068777e+01
9.97885436e-01 -6.48140971e-02 4.87746412e-03 2.22124077e+00 6.46767764e-02 9.97607791e-01 2.44051161e-02 -1.35359596e+00 -6.44759177e-03 -2.40380512e-02 9.99690252e-01 -2.82782725e+01
9.91562123e-01 -1.28281027e-01 -1.86690929e-02 4.07388744e+00 1.28998868e-01 9.90650773e-01 4.43884844e-02 -2.53433894e+00 1.28003510e-02 -4.64222317e-02 9.98839891e-01 -2.99254128e+01
9.95495288e-01 -9.15144451e-02 -2.47838157e-02 4.36871090e+00 9.19485887e-02 9.95618942e-01 1.69817192e-02 -9.00382546e-01 2.31211638e-02 -1.91840583e-02 9.99548590e-01 -2.64617380e+01
9.89670540e-01 -1.42631781e-01 -1.44359948e-02 4.84429873e+00 1.43201089e-01 9.88292405e-01 5.26457092e-02 -2.62070415e+00 6.75803274e-03 -5.41691576e-02 9.98508904e-01 -3.95376253e+01
9.89422523e-01 -1.44638584e-01 -1.10792654e-02 4.83602015e+00 1.45026160e-01 9.87991437e-01 5.32947723e-02 -2.64295127e+00 3.23773891e-03 -5.43378314e-02 9.98517359e-01 -3.99733489e+01
9.89386911e-01 -1.45006970e-01 -9.30151167e-03 4.83048602e+00 1.45295569e-01 9.88022546e-01 5.19677442e-02 -2.66745503e+00 1.65441813e-03 -5.27676744e-02 9.98605445e-01 -4.05843219e+01
9.89102808e-01 -1.46964561e-01 -8.77804404e-03 4.84651937e+00 1.47220913e-01 9.87824302e-01 5.02906610e-02 -2.70212557e+00 1.28022033e-03 -5.10349456e-02 9.98696048e-01 -4.12007343e+01
9.88717661e-01 -1.49522136e-01 -8.97319234e-03 4.86206128e+00 1.49784372e-01 9.87467095e-01 4.97330614e-02 -2.72539822e+00 1.42453860e-03 -5.05160001e-02 9.98722236e-01 -4.17864796e+01
9.88272614e-01 -1.52269751e-01 -1.14526091e-02 4.89591443e+00 1.52662883e-01 9.86900518e-01 5.21671585e-02 -2.75973867e+00 3.35910555e-03 -5.33037624e-02 9.98572694e-01 -4.25098049e+01
9.87967627e-01 -1.54001459e-01 -1.42660207e-02 4.94183356e+00 1.54562775e-01 9.86415911e-01 5.56237192e-02 -2.79911114e+00 5.50609586e-03 -5.71594296e-02 9.98349880e-01 -4.31586423e+01
9.87982449e-01 -1.53670193e-01 -1.66178443e-02 4.96640156e+00 1.54378437e-01 9.86359594e-01 5.71143518e-02 -2.83054210e+00 7.61439669e-03 -5.89934140e-02 9.98229331e-01 -4.37363037e+01
9.87759149e-01 -1.54819149e-01 -1.90498204e-02 4.96819904e+00 1.55661210e-01 9.86205395e-01 5.62894837e-02 -2.86355024e+00 1.00723457e-02 -5.85657706e-02 9.98232738e-01 -4.42469485e+01
9.86942619e-01 -1.59295920e-01 -2.38553328e-02 5.00182706e+00 1.60373323e-01 9.85605202e-01 5.35049874e-02 -2.89053804e+00 1.49888139e-02 -5.66321114e-02 9.98282595e-01 -4.47702412e+01
9.86156472e-01 -1.63427984e-01 -2.80482904e-02 5.02842736e+00 1.64670398e-01 9.85084029e-01 4.99311013e-02 -2.91221966e+00 1.94697837e-02 -5.38586019e-02 9.98358742e-01 -4.52748223e+01
9.85262153e-01 -1.67761566e-01 -3.33848352e-02 5.04544932e+00 1.69265778e-01 9.84353719e-01 4.89576617e-02 -2.94063442e+00 2.46492727e-02 -5.38870412e-02 9.98242756e-01 -4.57842878e+01
9.84434095e-01 -1.71324452e-01 -3.92102560e-02 5.06938377e+00 1.73123365e-01 9.83714728e-01 4.83076943e-02 -2.96669551e+00 3.02954171e-02 -5.43439528e-02 9.98062584e-01 -4.63317957e+01
9.83505384e-01 -1.74594228e-01 -4.72653641e-02 5.13324753e+00 1.76756822e-01 9.83167403e-01 4.62480706e-02 -2.99043252e+00 3.83951191e-02 -5.38397019e-02 9.97811155e-01 -4.68760454e+01
9.82632387e-01 -1.78119008e-01 -5.20308653e-02 5.13730540e+00 1.80478101e-01 9.82557833e-01 4.48080420e-02 -3.01252241e+00 4.31421702e-02 -5.34202651e-02 9.97639729e-01 -4.73206886e+01
9.81792851e-01 -1.80618481e-01 -5.88197414e-02 5.17359747e+00 1.83349976e-01 9.82022315e-01 4.48882843e-02 -3.04251367e+00 4.96546449e-02 -5.48555948e-02 9.97258883e-01 -4.79948644e+01
9.81254601e-01 -1.81276712e-01 -6.54076529e-02 5.21286729e+00 1.84312567e-01 9.81892282e-01 4.37769801e-02 -3.05248442e+00 5.62875225e-02 -5.50118155e-02 9.96897896e-01 -4.88979479e+01
9.80060046e-01 -1.84917727e-01 -7.27168449e-02 5.25966871e+00 1.88366381e-01 9.81122618e-01 4.37780237e-02 -3.09701811e+00 6.32488085e-02 -5.66025009e-02 9.96391361e-01 -4.97394460e+01
9.78810946e-01 -1.88390310e-01 -8.02385327e-02 5.30587596e+00 1.92434958e-01 9.80230690e-01 4.60063183e-02 -3.12461739e+00 6.99851277e-02 -6.04721867e-02 9.95713411e-01 -5.03630529e+01
9.77956322e-01 -1.89015222e-01 -8.87393791e-02 5.36262074e+00 1.93838443e-01 9.79797299e-01 4.92332337e-02 -3.16259716e+00 7.76407733e-02 -6.53490552e-02 9.94837379e-01 -5.08127398e+01
9.77244689e-01 -1.88881039e-01 -9.65234231e-02 5.39141711e+00 1.94148514e-01 9.79778841e-01 4.83712495e-02 -3.16731836e+00 8.54351958e-02 -6.60104259e-02 9.94154641e-01 -5.11918852e+01
9.76732392e-01 -1.87697652e-01 -1.03746935e-01 5.41488762e+00 1.93299611e-01 9.80023662e-01 4.67854835e-02 -3.19581268e+00 9.28929260e-02 -6.57511394e-02 9.93502739e-01 -5.16388195e+01
9.73565042e-01 -1.86997513e-01 -1.31160356e-01 5.83518065e+00 1.94459173e-01 9.79808577e-01 4.64842151e-02 -3.14341600e+00 1.19819609e-01 -7.07607413e-02 9.90270760e-01 -5.17862012e+01
9.71849767e-01 -1.89457665e-01 -1.40049359e-01 5.89052005e+00 1.97467335e-01 9.79249667e-01 4.55712707e-02 -3.16264498e+00 1.28509462e-01 -7.19436025e-02 9.89095262e-01 -5.21609331e+01
9.67929766e-01 -1.92854529e-01 -1.60994097e-01 6.24647037e+00 2.02408451e-01 9.78263940e-01 4.50608692e-02 -3.11034990e+00 1.48804527e-01 -7.62023223e-02 9.85926173e-01 -5.22810197e+01
9.66018932e-01 -1.95191219e-01 -1.69433794e-01 6.29020217e+00 2.05341945e-01 9.77680853e-01 4.44391236e-02 -3.13543893e+00 1.56978050e-01 -7.77208996e-02 9.84539158e-01 -5.25583467e+01
9.64648721e-01 -1.94468399e-01 -1.77861989e-01 6.31712354e+00 2.05039223e-01 9.77811364e-01 4.29401071e-02 -3.12922179e+00 1.65564981e-01 -7.78908034e-02 9.83118131e-01 -5.28388619e+01
9.62850157e-01 -1.93439075e-01 -1.88416825e-01 6.35061046e+00 2.04907118e-01 9.77826337e-01 4.32287753e-02 -3.10738253e+00 1.75876800e-01 -8.02307818e-02 9.81137285e-01 -5.30562842e+01
9.62850157e-01 -1.93439075e-01 -1.88416825e-01 6.35061046e+00 2.04907118e-01 9.77826337e-01 4.32287753e-02 -3.10738253e+00 1.75876800e-01 -8.02307818e-02 9.81137285e-01 -5.30562842e+01
9.58396015e-01 -1.91546374e-01 -2.11629547e-01 6.54882542e+00 2.05753527e-01 9.77470963e-01 4.70744361e-02 -3.08869331e+00 1.97844800e-01 -8.86594777e-02 9.76215618e-01 -5.31523690e+01
9.58396015e-01 -1.91546374e-01 -2.11629547e-01 6.54882542e+00 2.05753527e-01 9.77470963e-01 4.70744361e-02 -3.08869331e+00 1.97844800e-01 -8.86594777e-02 9.76215618e-01 -5.31523690e+01
9.54723281e-01 -1.91798519e-01 -2.27413248e-01 6.58659208e+00 2.07451473e-01 9.77124175e-01 4.68212904e-02 -3.09799888e+00 2.13230728e-01 -9.18785894e-02 9.72672083e-01 -5.33699876e+01
9.50765247e-01 -1.90791185e-01 -2.44221555e-01 6.64096466e+00 2.08150230e-01 9.76961467e-01 4.71144682e-02 -3.12496489e+00 2.29606024e-01 -9.56295719e-02 9.68574240e-01 -5.35860066e+01
9.46724269e-01 -1.87601780e-01 -2.61760828e-01 6.68317687e+00 2.06886483e-01 9.77191053e-01 4.79127220e-02 -3.15238706e+00 2.46801827e-01 -9.95149138e-02 9.63942758e-01 -5.38046705e+01
9.41848222e-01 -1.85039964e-01 -2.80503365e-01 6.72073751e+00 2.05977002e-01 9.77435912e-01 4.68242778e-02 -3.15672965e+00 2.65509700e-01 -1.01878605e-01 9.58710253e-01 -5.39992369e+01
9.36479499e-01 -1.82603121e-01 -2.99436552e-01 6.73116916e+00 2.05178573e-01 9.77666958e-01 4.54870636e-02 -3.15047291e+00 2.84443143e-01 -1.04035667e-01 9.53031310e-01 -5.42119252e+01
9.29695517e-01 -1.81719767e-01 -3.20381291e-01 6.78261946e+00 2.06911140e-01 9.77272278e-01 4.61158917e-02 -3.16702860e+00 3.04719585e-01 -1.09164196e-01 9.46165500e-01 -5.43712313e+01
9.21991322e-01 -1.80168224e-01 -3.42741031e-01 6.82403807e+00 2.08105927e-01 9.77013127e-01 4.62306461e-02 -3.17251761e+00 3.26533193e-01 -1.13950694e-01 9.38291699e-01 -5.45003497e+01
9.13114611e-01 -1.78610398e-01 -3.66496975e-01 6.85965177e+00 2.09190136e-01 9.76832770e-01 4.51356534e-02 -3.17996176e+00 3.49944558e-01 -1.17881577e-01 9.29323808e-01 -5.46310916e+01
9.02377588e-01 -1.78919896e-01 -3.92048926e-01 8.39041747e+00 2.12232501e-01 9.76274851e-01 4.29509066e-02 -3.36604651e+00 3.75062735e-01 -1.21963459e-01 9.18941162e-01 -5.88875764e+01
8.91258681e-01 -1.77989051e-01 -4.17106534e-01 9.10818301e+00 2.14164739e-01 9.75929644e-01 4.11678797e-02 -3.64174278e+00 3.99739199e-01 -1.26020742e-01 9.07924746e-01 -6.22700302e+01
8.78026999e-01 -1.74816093e-01 -4.45542279e-01 1.03417940e+01 2.14655756e-01 9.75865274e-01 4.01232291e-02 -3.70871032e+00 4.27775052e-01 -1.30867493e-01 8.94361339e-01 -6.44239483e+01
8.63014704e-01 -1.68805606e-01 -4.76141038e-01 1.14211103e+01 2.13307883e-01 9.76142981e-01 4.05540173e-02 -3.70063039e+00 4.57935987e-01 -1.36563350e-01 8.78433312e-01 -6.58968964e+01
8.46701996e-01 -1.60738523e-01 -5.07206917e-01 1.19637480e+01 2.10740160e-01 9.76626681e-01 4.22955264e-02 -3.78701786e+00 4.88553287e-01 -1.42700573e-01 8.60785822e-01 -6.71234373e+01
8.27760233e-01 -1.52916122e-01 -5.39842252e-01 1.24912375e+01 2.09654995e-01 9.76748683e-01 4.47972476e-02 -3.83471480e+00 5.20439987e-01 -1.50262005e-01 8.40573346e-01 -6.80351466e+01
8.06289525e-01 -1.46573490e-01 -5.73073655e-01 1.29282779e+01 2.10809763e-01 9.76402897e-01 4.68681873e-02 -3.87063362e+00 5.52681143e-01 -1.58598850e-01 8.18162550e-01 -6.87436507e+01
7.82597348e-01 -1.40928941e-01 -6.06366576e-01 1.32451760e+01 2.12726541e-01 9.75945449e-01 4.77273477e-02 -3.91111143e+00 5.85054536e-01 -1.66341560e-01 7.93751646e-01 -6.93405110e+01
7.55628672e-01 -1.36281596e-01 -6.40665776e-01 1.35437730e+01 2.15477091e-01 9.75393567e-01 4.66584569e-02 -3.93174020e+00 6.18542588e-01 -1.73305266e-01 7.66400908e-01 -6.97426353e+01
7.26596686e-01 -1.32968595e-01 -6.74074631e-01 1.37907953e+01 2.18870051e-01 9.74777721e-01 4.36382395e-02 -3.96792319e+00 6.51270417e-01 -1.79242149e-01 7.37373105e-01 -7.01773311e+01
6.94583783e-01 -1.29816973e-01 -7.07602234e-01 1.40307017e+01 2.22407091e-01 9.74149439e-01 3.95974262e-02 -3.98851898e+00 6.84169901e-01 -1.84879485e-01 7.05500618e-01 -7.04910038e+01
6.61732513e-01 -1.22679061e-01 -7.39634998e-01 1.42262505e+01 2.23015920e-01 9.74075338e-01 3.79622891e-02 -4.02992054e+00 7.15803032e-01 -1.90071260e-01 6.71936705e-01 -7.08322023e+01
6.22962575e-01 -1.11325663e-01 -7.74289498e-01 1.45301039e+01 2.20484143e-01 9.74678801e-01 3.72555813e-02 -4.05580864e+00 7.50536057e-01 -1.93927389e-01 6.31733959e-01 -7.10937760e+01
5.83006101e-01 -1.00360844e-01 -8.06245364e-01 1.47785874e+01 2.18103596e-01 9.75249731e-01 3.63150507e-02 -4.06042184e+00 7.82645966e-01 -1.97016910e-01 5.90465604e-01 -7.13452379e+01
5.40135611e-01 -8.99499778e-02 -8.36757147e-01 1.50498722e+01 2.17431605e-01 9.75429872e-01 3.54973450e-02 -4.10167789e+00 8.13004932e-01 -2.01110829e-01 5.46422378e-01 -7.15950071e+01
4.92903581e-01 -7.83785811e-02 -8.66546512e-01 1.53057084e+01 2.17195251e-01 9.75489281e-01 3.53112621e-02 -4.12038542e+00 8.42539188e-01 -2.05614835e-01 4.97845615e-01 -7.17863494e+01
4.43428157e-01 -6.53933329e-02 -8.93921239e-01 1.55967866e+01 2.15316174e-01 9.75901942e-01 3.54167371e-02 -4.14477100e+00 8.70063455e-01 -2.08180479e-01 4.46822641e-01 -7.19520228e+01
3.93745797e-01 -5.54586377e-02 -9.17544869e-01 1.59898772e+01 2.13362352e-01 9.76431005e-01 3.25422735e-02 -4.17585293e+00 8.94114508e-01 -2.08582915e-01 3.96298390e-01 -7.21773250e+01
3.41277761e-01 -4.54213061e-02 -9.38864418e-01 1.64643063e+01 2.11791640e-01 9.76862642e-01 2.97267627e-02 -4.22223771e+00 9.15791347e-01 -2.08988718e-01 3.43001348e-01 -7.23540121e+01
2.88991214e-01 -3.89841178e-02 -9.56537672e-01 1.69064554e+01 2.10479918e-01 9.77309402e-01 2.37599656e-02 -4.23414294e+00 9.33906999e-01 -2.08198392e-01 2.90639204e-01 -7.25066010e+01
2.39256702e-01 -2.87516047e-02 -9.70530564e-01 1.72353238e+01 2.10828920e-01 9.77251810e-01 2.30231538e-02 -4.25250555e+00 9.47790798e-01 -2.10124355e-01 2.39875715e-01 -7.26199242e+01
1.93789763e-01 -1.01227291e-02 -9.80990855e-01 1.76309641e+01 2.08160391e-01 9.77602265e-01 3.10332658e-02 -4.27252955e+00 9.58704740e-01 -2.10217369e-01 1.91556462e-01 -7.27545839e+01
1.53138373e-01 8.93197608e-03 -9.88164388e-01 1.79273926e+01 2.02999818e-01 9.78349002e-01 4.03026583e-02 -4.29185453e+00 9.67129626e-01 -2.06769074e-01 1.48009585e-01 -7.28697838e+01
1.12580744e-01 2.42748550e-02 -9.93346016e-01 1.83280540e+01 2.02542994e-01 9.78151622e-01 4.68587270e-02 -4.31853193e+00 9.72780505e-01 -2.06470667e-01 1.05204336e-01 -7.29583521e+01
7.44727575e-02 3.26022327e-02 -9.96689973e-01 1.87157868e+01 2.03762069e-01 9.77881402e-01 4.72121136e-02 -4.34050213e+00 9.76183808e-01 -2.06603628e-01 6.61824261e-02 -7.30091367e+01
4.30287435e-02 4.54471736e-02 -9.98039619e-01 1.91847387e+01 2.04697247e-01 9.77371384e-01 5.33311817e-02 -4.36294239e+00 9.77879115e-01 -2.06590736e-01 3.27521513e-02 -7.30570103e+01
1.49167151e-02 5.61191989e-02 -9.98312640e-01 1.96960491e+01 2.03575343e-01 9.77340860e-01 5.79820982e-02 -4.39181062e+00 9.78945643e-01 -2.04096741e-01 3.15423002e-03 -7.30869341e+01
-9.10166747e-03 6.59479476e-02 -9.97781553e-01 2.01264306e+01 2.02349575e-01 9.77301017e-01 6.27484819e-02 -4.42367129e+00 9.79271060e-01 -2.01329557e-01 -2.22396080e-02 -7.31053360e+01
-2.88163151e-02 7.37710705e-02 -9.96858791e-01 2.06176893e+01 2.02351185e-01 9.77055564e-01 6.64561721e-02 -4.46851181e+00 9.78888971e-01 -1.99800536e-01 -4.30828046e-02 -7.30840334e+01
-4.37736486e-02 7.85250977e-02 -9.95950640e-01 2.10751663e+01 2.04408900e-01 9.76520238e-01 6.80090167e-02 -4.51417002e+00 9.77906370e-01 -2.00604172e-01 -5.87970826e-02 -7.30779203e+01
-5.82899096e-02 8.09999202e-02 -9.95008191e-01 2.15531650e+01 2.04287903e-01 9.76578663e-01 6.75319771e-02 -4.54994183e+00 9.77173853e-01 -1.99331704e-01 -7.34719858e-02 -7.30415630e+01
-6.69113213e-02 8.31422607e-02 -9.94288811e-01 2.20030870e+01 2.04561281e-01 9.76496721e-01 6.78884029e-02 -4.57771507e+00 9.76564159e-01 -1.98850490e-01 -8.23463732e-02 -7.30223806e+01
-7.52715745e-02 8.88392768e-02 -9.93197751e-01 2.24422655e+01 2.07655884e-01 9.75583443e-01 7.15260803e-02 -4.61133661e+00 9.75301607e-01 -2.00859477e-01 -9.18817003e-02 -7.29887579e+01
-7.94127927e-02 9.41231860e-02 -9.92388248e-01 2.28707096e+01 2.10064318e-01 9.74757093e-01 7.56412112e-02 -4.66371694e+00 9.74457075e-01 -2.02458480e-01 -9.71801058e-02 -7.29859101e+01
-8.42432912e-02 9.41872451e-02 -9.91983786e-01 2.32954105e+01 2.09833143e-01 9.74876163e-01 7.47430216e-02 -4.71131363e+00 9.74101186e-01 -2.01854477e-01 -1.01890382e-01 -7.29598003e+01
-8.83725828e-02 9.25866001e-02 -9.91775180e-01 2.37038240e+01 2.07191962e-01 9.75601652e-01 7.26147947e-02 -4.74468494e+00 9.74300661e-01 -1.99070688e-01 -1.05399637e-01 -7.28973216e+01
-8.97482511e-02 9.00983162e-02 -9.91880812e-01 2.41334115e+01 2.01515626e-01 9.76944266e-01 7.05078247e-02 -4.80671660e+00 9.75364908e-01 -1.93551529e-01 -1.05835258e-01 -7.28956066e+01
-9.08988729e-02 9.13732348e-02 -9.91659380e-01 2.47864510e+01 1.96027121e-01 9.77941249e-01 7.21407093e-02 -4.85015624e+00 9.76376343e-01 -1.87834624e-01 -1.06805389e-01 -7.28211577e+01
-9.21178077e-02 9.41753926e-02 -9.91284674e-01 2.52854239e+01 1.93989917e-01 9.78140054e-01 7.48995720e-02 -4.88047055e+00 9.76668942e-01 -1.85399647e-01 -1.08373194e-01 -7.27161467e+01
-9.13574353e-02 9.73580790e-02 -9.91047538e-01 2.58117786e+01 1.96475561e-01 9.77408777e-01 7.79065933e-02 -4.92094328e+00 9.76243398e-01 -1.87599274e-01 -1.08422042e-01 -7.26557345e+01
-9.15801346e-02 9.78834225e-02 -9.90975234e-01 2.63544966e+01 2.02995061e-01 9.76095717e-01 7.76540844e-02 -4.94509783e+00 9.74887729e-01 -1.94051506e-01 -1.09260828e-01 -7.25679739e+01
-8.83898474e-02 9.71671781e-02 -9.91335349e-01 2.69232810e+01 2.11230299e-01 9.74424231e-01 7.66758080e-02 -5.01596690e+00 9.73431557e-01 -2.02622699e-01 -1.06653861e-01 -7.25357552e+01
-1.28566937e-01 1.17518394e-01 -9.84713141e-01 3.39667265e+01 2.07159756e-01 9.74230276e-01 8.92199749e-02 -4.54726266e+00 9.69822343e-01 -1.92522195e-01 -1.49598885e-01 -7.16356727e+01
-1.44576407e-01 1.26756418e-01 -9.81341160e-01 3.69361298e+01 1.90193679e-01 9.76827690e-01 9.81530825e-02 -2.30846024e+00 9.71042752e-01 -1.72454266e-01 -1.65334507e-01 -7.15396887e+01
-1.85210799e-01 1.42902062e-01 -9.72253033e-01 4.39000257e+01 1.73963468e-01 9.78512173e-01 1.10682601e-01 -4.43081667e-01 9.67178201e-01 -1.48636897e-01 -2.06090759e-01 -7.03970174e+01
-1.25199627e-01 9.22144823e-02 -9.87836800e-01 3.30655165e+01 1.49946681e-01 9.85992625e-01 7.30379057e-02 3.86479438e+00 9.80734952e-01 -1.38978531e-01 -1.37273164e-01 -7.13867428e+01
-2.53217234e-01 1.68696557e-01 -9.52587268e-01 5.57164920e+01 6.47577729e-02 9.85425669e-01 1.57298064e-01 1.65038486e+01 9.65239588e-01 -2.18568493e-02 -2.60451176e-01 -6.83654113e+01
-1.18069763e-01 8.82763199e-02 -9.89073719e-01 3.22181108e+01 1.23144003e-01 9.89653722e-01 7.36278841e-02 9.02090351e+00 9.85340086e-01 -1.13105271e-01 -1.27718880e-01 -7.14047353e+01
-1.53040099e-01 1.02384785e-01 -9.82901869e-01 3.83304630e+01 1.07053946e-01 9.90482801e-01 8.65059113e-02 1.13187823e+01 9.82404286e-01 -9.19846507e-02 -1.62544281e-01 -6.99337601e+01
-2.21339863e-01 1.39993227e-01 -9.65096141e-01 5.09291491e+01 1.66201980e-01 9.80579217e-01 1.04121570e-01 1.47883661e+00 9.60929533e-01 -1.37354635e-01 -2.40308421e-01 -7.68396199e+01
-3.19487070e-01 1.43176284e-01 -9.36711569e-01 6.64706729e+01 2.03810336e-01 9.75766445e-01 7.96316060e-02 -4.54977636e+00 9.25413075e-01 -1.65470231e-01 -3.40925569e-01 -7.24071310e+01
-2.99486974e-01 1.59192705e-01 -9.40725909e-01 6.41888718e+01 1.47030292e-01 9.81904764e-01 1.19352956e-01 4.27302231e+00 9.42703371e-01 -1.02570550e-01 -3.17473837e-01 -7.59179265e+01
-1.38960337e-01 8.82256211e-02 -9.86360109e-01 3.67098773e+01 6.95165091e-02 9.94435543e-01 7.91543121e-02 1.72204094e+01 9.87854989e-01 -5.75690016e-02 -1.44320236e-01 -6.99973921e+01
-1.38272478e-01 8.50142086e-02 -9.86738722e-01 3.68287749e+01 5.25691558e-02 9.95534563e-01 7.84054722e-02 1.99703623e+01 9.88998082e-01 -4.10307027e-02 -1.42124156e-01 -7.03939982e+01
-1.60960148e-01 7.90478216e-02 -9.83790259e-01 4.03023903e+01 2.10710325e-02 9.96835500e-01 7.66485311e-02 2.48556625e+01 9.86735954e-01 -8.39211760e-03 -1.62116409e-01 -6.85433639e+01
-2.14524277e-01 1.13606848e-01 -9.70089078e-01 4.98354749e+01 1.10271443e-02 9.93430807e-01 1.13901863e-01 2.53205166e+01 9.76656407e-01 1.37374024e-02 -2.14367784e-01 -6.52463100e+01
-1.16351787e-01 1.06753905e-01 -9.87454235e-01 3.51320589e+01 2.71508888e-01 9.59756395e-01 7.17675776e-02 -1.55552242e+01 9.55376986e-01 -2.59752316e-01 -1.40654005e-01 -7.98934269e+01
-1.99798517e-01 1.19906831e-01 -9.72472573e-01 4.83001294e+01 3.77815447e-03 9.92570924e-01 1.21608740e-01 2.64519839e+01 9.79829719e-01 2.06230943e-02 -1.98767225e-01 -6.64056316e+01
-1.17615102e-01 1.38296309e-01 -9.83382336e-01 3.68287807e+01 1.50052857e-01 9.81360522e-01 1.20065260e-01 3.63044865e+00 9.81657185e-01 -1.33437841e-01 -1.36174574e-01 -8.37621744e+01
-1.75932556e-01 1.22696653e-01 -9.76725789e-01 4.54977839e+01 1.45806561e-01 9.84505776e-01 9.74105974e-02 4.58884384e+00 9.73544135e-01 -1.25275333e-01 -1.91096594e-01 -8.05206677e+01
2.19234567e-01 -1.12155285e-01 9.69204517e-01 -5.21003421e+01 -1.57878586e-01 -9.84357482e-01 -7.81965514e-02 -3.00725330e+00 9.62813874e-01 -1.35873252e-01 -2.33512104e-01 -1.91876472e+02
2.36120517e-01 -1.80724507e-01 9.54770000e-01 -5.73555194e+01 -1.07491191e-01 -9.81380618e-01 -1.59178287e-01 -9.95129770e+00 9.65760190e-01 -6.50441051e-02 -2.51150392e-01 -1.81628895e+02
-2.88991418e-01 2.33503349e-01 -9.28418088e-01 6.72846178e+01 -1.09867497e-01 9.55300510e-01 2.74463236e-01 4.14916026e+01 9.51006358e-01 1.81320491e-01 -2.50419221e-01 -7.82835783e+01
-1.91099570e-01 -4.08525337e-02 9.80720156e-01 1.40402730e+01 -1.96121043e-01 -9.77397902e-01 -7.89295777e-02 3.42766759e+00 9.61778296e-01 -2.07423269e-01 1.78768277e-01 -2.03845663e+02
8.36702676e-01 -4.67871384e-02 -5.45655199e-01 -1.25821737e+02 -4.17428890e-02 9.87997338e-01 -1.48723874e-01 3.77808262e+01 5.46064248e-01 1.47214888e-01 8.24706986e-01 -1.50591587e+01
9.21004739e-01 -4.90635097e-02 -3.86449276e-01 -1.41034782e+02 -1.05480252e-02 9.88532052e-01 -1.50642366e-01 3.45711220e+01 3.89408539e-01 1.42818609e-01 9.09925181e-01 -1.23647986e+01
-6.91841214e-02 3.02282158e-02 -9.97145833e-01 2.71303655e+01 -1.27812026e-01 9.91034829e-01 3.89108355e-02 4.78134490e+01 9.89382456e-01 1.30139241e-01 -6.47003445e-02 -6.77001507e+01
-1.52738761e-01 1.42901636e-01 -9.77880357e-01 4.43396698e+01 -2.58494265e-01 9.49265824e-01 1.79095256e-01 6.52433979e+01 9.53861408e-01 2.80131252e-01 -1.08050432e-01 -6.28654962e+01
1.64923887e-01 -1.70556987e-01 -9.71447593e-01 -1.64012361e+01 9.60229727e-01 2.52749749e-01 1.18644160e-01 -1.48950120e+02 2.25297544e-01 -9.52380113e-01 2.05458360e-01 2.76351123e-01
-1.02537145e-01 4.08092922e-02 -9.93891712e-01 3.35829410e+01 -1.33087111e-01 9.89612245e-01 5.43638174e-02 4.85336808e+01 9.85785958e-01 1.37848487e-01 -9.60408232e-02 -6.38131071e+01
9.92643312e-01 -4.46336009e-02 -1.12548199e-01 -1.55751078e+02 7.35237246e-02 9.60763917e-01 2.67445242e-01 1.35558070e+01 9.61952044e-02 -2.73752693e-01 9.56977505e-01 1.91591105e+01
-4.99100409e-01 8.24284210e-01 2.67309414e-01 1.06354446e+02 8.57131729e-01 5.14946370e-01 1.24673303e-02 -1.34473554e+02 -1.27373389e-01 2.35341830e-01 -9.63530094e-01 4.07775207e+02
1.12130921e-01 -1.87425749e-01 9.75857697e-01 -4.05891078e+01 -1.78113832e-01 -9.69937299e-01 -1.65822494e-01 1.30957081e+00 9.77600184e-01 -1.55219925e-01 -1.42143081e-01 -1.78892566e+02
6.98092951e-01 -1.49004678e-01 -7.00331234e-01 -1.02520028e+02 1.65413913e-01 9.85209306e-01 -4.47309888e-02 3.60502173e+00 6.96637976e-01 -8.46181422e-02 7.12415118e-01 -4.82321185e+01
-5.26568839e-01 3.73043837e-01 -7.63913315e-01 1.08767378e+02 3.50011928e-01 9.14020418e-01 2.05081265e-01 -2.98491189e+01 7.74736670e-01 -1.59389368e-01 -6.11864463e-01 -3.29322823e+01
3.04692623e-01 9.70553960e-02 -9.47492826e-01 -2.76296481e+01 1.02957698e-01 9.85609099e-01 1.34068701e-01 1.11199079e+01 9.46869641e-01 -1.38401425e-01 2.90315221e-01 -9.61699306e+01
5.67172263e-01 -1.00728266e-02 -8.23537590e-01 -7.42852406e+01 2.45143913e-01 9.56668501e-01 1.57130013e-01 -1.25551566e+01 7.86269729e-01 -2.91005012e-01 5.45065131e-01 -8.26811907e+01
5.70219830e-01 -1.54085947e-02 -8.21347625e-01 -7.38740366e+01 2.50142020e-01 9.55602431e-01 1.55733633e-01 -1.26327181e+01 7.82482150e-01 -2.94255960e-01 5.48757792e-01 -8.29480256e+01
5.74244698e-01 -1.84942760e-02 -8.18474794e-01 -7.35190146e+01 2.57695335e-01 9.53009734e-01 1.59265692e-01 -1.27020789e+01 7.77068943e-01 -3.02374616e-01 5.52026675e-01 -8.31760756e+01
5.79931599e-01 -2.12808151e-02 -8.14387173e-01 -7.30435717e+01 2.62179173e-01 9.51351609e-01 1.61840036e-01 -1.28060023e+01 7.71324460e-01 -3.07371506e-01 5.57298246e-01 -8.34824230e+01
2.40539766e-01 -1.28853504e-01 9.62048541e-01 -6.11275477e+01 -1.15996240e-01 -9.87862449e-01 -1.03308540e-01 -1.08448913e+01 9.63683295e-01 -8.67442020e-02 -2.52566724e-01 -1.55443617e+02
2.24410011e-02 8.03235475e-02 -9.96516196e-01 1.93566834e+01 2.91774071e-01 9.52846597e-01 8.33741805e-02 -1.76953475e+01 9.56223976e-01 -2.92628587e-01 -2.05349694e-03 -1.04459964e+02
3.04511433e-02 7.93053817e-02 -9.96385159e-01 1.99850467e+01 2.89962240e-01 9.53279434e-01 8.47361789e-02 -1.77513961e+01 9.56553515e-01 -2.91494386e-01 6.03288247e-03 -1.04452560e+02
6.87699698e-01 -3.14039687e-01 -6.54559547e-01 -1.03844959e+02 6.26063847e-01 7.13016930e-01 3.15675336e-01 -8.24252314e+01 3.67577455e-01 -6.26885901e-01 6.86950421e-01 -4.18454742e+01
-5.25700429e-01 2.16443717e-01 8.22673189e-01 8.06353929e+01 3.33416378e-01 9.42136586e-01 -3.48162697e-02 -2.35746551e+01 -7.82606272e-01 2.55989787e-01 -5.67447488e-01 1.99557385e+02
-4.71690711e-02 1.39700930e-01 -9.89069628e-01 3.35163670e+01 2.81165041e-01 9.51993613e-01 1.21055279e-01 -1.74552062e+01 9.58499504e-01 -2.72381737e-01 -8.41836722e-02 -1.10992290e+02
-3.99523643e-02 1.38432051e-01 -9.89565751e-01 3.44503653e+01 2.78703708e-01 9.52595562e-01 1.22007947e-01 -1.75568872e+01 9.59545753e-01 -2.70921138e-01 -7.66399709e-02 -1.10887706e+02
-5.81400032e-02 1.22096001e-01 -9.90813962e-01 3.52614075e+01 2.86329640e-01 9.52833729e-01 1.00614227e-01 -1.77948652e+01 9.56365556e-01 -2.77849694e-01 -9.03574600e-02 -1.12018690e+02
-5.00904683e-02 1.22407871e-01 -9.91215041e-01 3.64465789e+01 2.92243643e-01 9.50818832e-01 1.02650872e-01 -1.79225794e+01 9.55031203e-01 -2.84534465e-01 -8.33998829e-02 -1.11962399e+02
-4.46845853e-02 1.06834807e-01 -9.93272174e-01 3.31620001e+01 3.03411552e-01 9.48750491e-01 8.83964725e-02 -1.99657995e+01 9.51811283e-01 -2.97420292e-01 -7.48094369e-02 -1.15098341e+02
-4.06368131e-02 1.04392997e-01 -9.93705566e-01 3.41096055e+01 3.06196551e-01 9.47978336e-01 8.70674880e-02 -2.00469311e+01 9.51100584e-01 -3.00731071e-01 -7.04875940e-02 -1.14998255e+02
-3.48851187e-02 1.00343461e-01 -9.94341098e-01 3.51673732e+01 3.05178259e-01 9.48493296e-01 8.50099839e-02 -2.01436733e+01 9.51656061e-01 -3.00485701e-01 -6.37109441e-02 -1.14945033e+02
-2.99147866e-02 1.04251795e-01 -9.94100935e-01 3.67852724e+01 3.04189121e-01 9.48322408e-01 9.02972297e-02 -2.03012833e+01 9.52141840e-01 -2.99693467e-01 -6.00811244e-02 -1.14727743e+02
-2.28805999e-02 1.05086714e-01 -9.94199809e-01 3.82288627e+01 2.97876370e-01 9.50008489e-01 9.35603486e-02 -2.04774311e+01 9.54330208e-01 -2.94007913e-01 -5.30396131e-02 -1.14721922e+02
-2.11125216e-02 1.04067948e-01 -9.94346078e-01 3.93167877e+01 2.90631994e-01 9.52256421e-01 9.34919938e-02 -2.05431366e+01 9.56601958e-01 -2.87014932e-01 -5.03500096e-02 -1.14620821e+02
-1.90903057e-02 9.95167891e-02 -9.94852737e-01 4.02178503e+01 2.86769135e-01 9.53771793e-01 8.99045583e-02 -2.06221114e+01 9.57809492e-01 -2.83576754e-01 -4.67461387e-02 -1.14557832e+02
-1.73693683e-02 9.68368234e-02 -9.95148700e-01 4.10682055e+01 2.86249563e-01 9.54119437e-01 8.78480988e-02 -2.06783152e+01 9.57997648e-01 -2.83335014e-01 -4.42919503e-02 -1.14499297e+02
-1.49860825e-02 9.41602459e-02 -9.95444255e-01 4.17052052e+01 2.88886994e-01 9.53506724e-01 8.58442276e-02 -2.07479564e+01 9.57245905e-01 -2.86284430e-01 -4.14910009e-02 -1.14468572e+02
-1.51951744e-02 9.03597995e-02 -9.95793258e-01 4.22577091e+01 2.92463640e-01 9.52755157e-01 8.19916466e-02 -2.07908744e+01 9.56155911e-01 -2.89987444e-01 -4.09042366e-02 -1.14418933e+02
-1.35273375e-02 8.82894412e-02 -9.96003005e-01 4.26974779e+01 2.96297905e-01 9.51710669e-01 8.03389960e-02 -2.08283860e+01 9.54999771e-01 -2.94026831e-01 -3.90340879e-02 -1.14403111e+02
-1.24434149e-02 8.70511127e-02 -9.96126129e-01 4.30642270e+01 3.01490372e-01 9.50168419e-01 7.92687251e-02 -2.08575642e+01 9.53388020e-01 -2.99336064e-01 -3.80684122e-02 -1.14378671e+02
-1.02798171e-02 8.79017829e-02 -9.96076102e-01 4.33819494e+01 3.03653047e-01 9.49363523e-01 8.06456940e-02 -2.08850913e+01 9.52727218e-01 -3.01632520e-01 -3.64509275e-02 -1.14357554e+02
-7.50559434e-03 8.40924173e-02 -9.96429692e-01 4.36575331e+01 3.03971007e-01 9.49495801e-01 7.78418333e-02 -2.09166638e+01 9.52651717e-01 -3.02301487e-01 -3.26881870e-02 -1.14356848e+02
-7.18715316e-03 8.51270975e-02 -9.96344179e-01 4.39882878e+01 3.00725905e-01 9.50430118e-01 7.90349318e-02 -2.09428985e+01 9.53683530e-01 -2.99058469e-01 -3.24308103e-02 -1.14349265e+02
-6.63578466e-03 8.46232760e-02 -9.96390921e-01 4.43814158e+01 2.98387403e-01 9.51186632e-01 7.87968785e-02 -2.09722235e+01 9.54421775e-01 -2.96787621e-01 -3.15623892e-02 -1.14326872e+02
-6.54624867e-03 8.69460917e-02 -9.96191510e-01 4.47458340e+01 2.97814265e-01 9.51176066e-01 8.10601922e-02 -2.10023237e+01 9.54601388e-01 -2.96149402e-01 -3.21204215e-02 -1.14303964e+02
-6.17866963e-03 8.62502116e-02 -9.96254348e-01 4.50278236e+01 2.97892747e-01 9.51198891e-01 8.05020575e-02 -2.10311365e+01 9.54579350e-01 -2.96279549e-01 -3.15704562e-02 -1.14303310e+02
-8.34945094e-03 8.45956038e-02 -9.96380384e-01 4.52523053e+01 2.97887388e-01 9.51386077e-01 7.82792242e-02 -2.10458644e+01 9.54564503e-01 -2.96155562e-01 -3.31435148e-02 -1.14298654e+02
-1.17871425e-02 8.46860559e-02 -9.96337962e-01 4.54400758e+01 3.00523599e-01 9.50641114e-01 7.72466120e-02 -2.10584766e+01 9.53701541e-01 -2.98512553e-01 -3.66555005e-02 -1.14285336e+02
-1.39983931e-02 8.62878617e-02 -9.96171898e-01 4.56014104e+01 3.04643271e-01 9.49271895e-01 7.79445053e-02 -2.10702527e+01 9.52363650e-01 -3.02385968e-01 -3.95752976e-02 -1.14278853e+02
-1.51599278e-02 8.88493361e-02 -9.95929702e-01 4.58145954e+01 3.05562250e-01 9.48805913e-01 7.99940734e-02 -2.10884306e+01 9.52051410e-01 -3.03105816e-01 -4.15328321e-02 -1.14270143e+02
-1.68961935e-02 8.92356318e-02 -9.95867220e-01 4.60917000e+01 3.04515324e-01 9.49151779e-01 7.98831483e-02 -2.11169667e+01 9.52357567e-01 -3.01907109e-01 -4.32106695e-02 -1.14257085e+02
-1.61971154e-02 9.10476898e-02 -9.95714804e-01 4.63801287e+01 3.01573427e-01 9.49914206e-01 8.19540636e-02 -2.11487394e+01 9.53305366e-01 -2.98953707e-01 -4.28434338e-02 -1.14252023e+02
-1.82771014e-02 9.20321283e-02 -9.95588286e-01 4.66732612e+01 2.97632371e-01 9.51112946e-01 8.24568678e-02 -2.11700717e+01 9.54505589e-01 -2.94812229e-01 -4.47753283e-02 -1.14239207e+02
-1.91464274e-02 9.59641384e-02 -9.95200632e-01 4.69671954e+01 2.97481396e-01 9.50849595e-01 8.59643307e-02 -2.11941728e+01 9.54535611e-01 -2.94407764e-01 -4.67529187e-02 -1.14233365e+02
-1.95973159e-02 1.00678173e-01 -9.94726018e-01 4.72554996e+01 2.99656629e-01 9.49771248e-01 9.02246117e-02 -2.12221504e+01 9.53845821e-01 -2.96308085e-01 -4.87818491e-02 -1.14213311e+02
-2.08660818e-02 1.05775922e-01 -9.94171042e-01 4.75115705e+01 3.02450336e-01 9.48462598e-01 9.45647666e-02 -2.12457743e+01 9.52936724e-01 -2.98714170e-01 -5.17826614e-02 -1.14192349e+02
-2.19961919e-02 1.06025474e-01 -9.94120097e-01 4.77337122e+01 3.04639069e-01 9.47783953e-01 9.43430719e-02 -2.12757961e+01 9.52213844e-01 -3.00772632e-01 -5.31471395e-02 -1.14187290e+02
-2.19068208e-02 1.06621674e-01 -9.94058303e-01 4.79339040e+01 3.07207539e-01 9.46909475e-01 9.47943721e-02 -2.13043644e+01 9.51390361e-01 -3.03305562e-01 -5.34987582e-02 -1.14183824e+02
-1.88796745e-02 1.06371920e-01 -9.94147158e-01 4.81210217e+01 3.08132793e-01 9.46545238e-01 9.54269056e-02 -2.13433794e+01 9.51156002e-01 -3.04527711e-01 -5.06471427e-02 -1.14205454e+02
-1.88567532e-02 1.12272208e-01 -9.93498553e-01 4.83380870e+01 3.07690705e-01 9.46102557e-01 1.01076117e-01 -2.13616925e+01 9.51299560e-01 -3.03784303e-01 -5.23855373e-02 -1.14190386e+02
