1.00000000e+00 0.00000000e+00 0.00000000e+00 0.00000000e+00 0.00000000e+00 1.00000000e+00 0.00000000e+00 0.00000000e+00 0.00000000e+00 0.00000000e+00 1.00000000e+00 0.00000000e+00
9.99995888e-01 2.74231527e-03 -8.39283299e-04 3.83924058e-02 -2.74505062e-03 9.99990868e-01 -3.27554377e-03 1.77708664e-02 8.30293060e-04 3.27783418e-03 9.99994283e-01 -9.99104709e-01
9.99993542e-01 3.57424348e-03 3.73889172e-04 8.52170295e-02 -3.57256304e-03 9.99983927e-01 -4.40252437e-03 7.34021658e-02 -3.89618857e-04 4.40116019e-03 9.99990239e-01 -2.41274582e+00
9.99998081e-01 1.82598338e-03 7.09183019e-04 1.19922451e-01 -1.82324378e-03 9.99990947e-01 -3.84465077e-03 9.87291614e-02 -7.16196868e-04 3.84335038e-03 9.99992358e-01 -4.12179597e+00
9.99997386e-01 2.27103016e-03 2.64438963e-04 2.31308913e-01 -2.27010278e-03 9.99991451e-01 -3.45597697e-03 9.85868993e-02 -2.72285330e-04 3.45536763e-03 9.99993993e-01 -6.03444136e+00
9.99995480e-01 2.62417344e-03 1.46785596e-03 2.36733559e-01 -2.61859332e-03 9.99989387e-01 -3.79063339e-03 1.60672355e-01 -1.47778766e-03 3.78677253e-03 9.99991738e-01 -8.09223523e+00
9.99992944e-01 1.82088053e-03 3.28589374e-03 2.03007198e-01 -1.80542439e-03 9.99987322e-01 -4.70063508e-03 2.45226576e-01 -3.29441138e-03 4.69466948e-03 9.99983553e-01 -1.02498491e+01
9.99978667e-01 4.17172294e-03 5.02618344e-03 2.00332383e-01 -4.15176712e-03 9.99983484e-01 -3.97428481e-03 2.92426519e-01 -5.04268005e-03 3.95333248e-03 9.99979471e-01 -1.24779035e+01
9.99969045e-01 4.95239103e-03 6.11422701e-03 1.50324048e-01 -4.92561392e-03 9.99978247e-01 -4.38679342e-03 3.63952049e-01 -6.13581913e-03 4.35654130e-03 9.99971686e-01 -1.47528664e+01
9.99954936e-01 5.06727218e-03 8.02802467e-03 5.92673580e-02 -5.03075746e-03 9.99976939e-01 -4.56208946e-03 4.36988290e-01 -8.05095688e-03 4.52149683e-03 9.99957368e-01 -1.70581841e+01
9.99952435e-01 4.29902259e-03 8.75474601e-03 5.73863860e-02 -4.25858858e-03 9.99980205e-01 -4.63194037e-03 4.97606374e-01 -8.77448553e-03 4.59443719e-03 9.99950949e-01 -1.93872148e+01
9.99955110e-01 2.66645943e-03 9.09223676e-03 1.34886228e-02 -2.61958382e-03 9.99983237e-01 -5.16358175e-03 5.64748546e-01 -9.10585283e-03 5.13953208e-03 9.99945333e-01 -2.17329997e+01
9.99953092e-01 1.95475900e-03 9.48646160e-03 3.45407761e-02 -1.90064866e-03 9.99981894e-01 -5.70962079e-03 6.04295568e-01 -9.49745077e-03 5.69132253e-03 9.99938702e-01 -2.40971090e+01
9.98888047e-01 3.71840372e-02 2.89830346e-02 -7.69877208e-01 -3.76450839e-02 9.99170530e-01 1.55273652e-02 -1.37862690e-01 -2.83816239e-02 -1.66011683e-02 9.99459296e-01 -2.59588249e+01
9.99559054e-01 2.03656860e-02 2.16086974e-02 -4.56701692e-01 -2.05203157e-02 9.99765221e-01 6.95843737e-03 1.62593173e-01 -2.14619108e-02 -7.39878637e-03 9.99742289e-01 -2.56380077e+01
9.99591405e-01 2.05966726e-02 1.98191630e-02 -3.55050380e-01 -2.07033277e-02 9.99772185e-01 5.19134258e-03 2.20549507e-01 -1.97077236e-02 -5.59954405e-03 9.99790103e-01 -2.56583820e+01
9.99384736e-01 2.55518850e-02 2.40260536e-02 -5.39873096e-01 -2.58164680e-02 9.99608710e-01 1.07673634e-02 2.10353887e-02 -2.37415260e-02 -1.13810065e-02 9.99653346e-01 -2.64079031e+01
9.99656911e-01 1.66131530e-02 2.02500461e-02 -3.68007676e-01 -1.65482625e-02 9.99857396e-01 -3.36783811e-03 5.24023624e-01 -2.03031088e-02 3.03157957e-03 9.99789274e-01 -2.58761917e+01
9.99801704e-01 9.26096400e-03 1.76291415e-02 -2.26972036e-01 -9.06032303e-03 9.99893658e-01 -1.14272593e-02 8.26015338e-01 -1.77330943e-02 1.12652676e-02 9.99779291e-01 -2.57075460e+01
9.98570057e-01 4.41376302e-02 3.01614269e-02 -7.79316458e-01 -4.47230723e-02 9.98818361e-01 1.90191719e-02 -2.44075924e-01 -2.92863258e-02 -2.03408872e-02 9.99364078e-01 -2.75927049e+01
9.98148090e-01 5.31224038e-02 2.96378281e-02 -7.37599957e-01 -5.37987803e-02 9.98298039e-01 2.25103616e-02 -3.79634726e-01 -2.83915811e-02 -2.40631534e-02 9.99307201e-01 -2.79025337e+01
9.98039530e-01 5.49275627e-02 3.00009870e-02 -7.73995479e-01 -5.56132196e-02 9.98198414e-01 2.25187765e-02 -3.76661777e-01 -2.87100361e-02 -2.41430805e-02 9.99296175e-01 -2.84823226e+01
9.97610976e-01 6.28337161e-02 2.87100163e-02 -6.71109430e-01 -6.31925743e-02 9.97931980e-01 1.17670086e-02 -9.63280639e-03 -2.79112785e-02 -1.35531568e-02 9.99518520e-01 -2.80977538e+01
9.92764773e-01 1.09260580e-01 4.98019110e-02 -1.50338444e+00 -1.10800732e-01 9.93411122e-01 2.92837897e-02 -6.42018028e-01 -4.62742084e-02 -3.45900031e-02 9.98329720e-01 -2.92128469e+01
9.96942950e-01 7.22520376e-02 2.97388061e-02 -7.22288359e-01 -7.28025569e-02 9.97186378e-01 1.78638019e-02 -1.81918246e-01 -2.83644362e-02 -1.99742525e-02 9.99398063e-01 -2.89225825e+01
9.97450326e-01 6.49022657e-02 2.96739462e-02 -7.51732058e-01 -6.55585508e-02 9.97612631e-01 2.17051630e-02 -2.88588275e-01 -2.81943893e-02 -2.35952028e-02 9.99323943e-01 -2.95088839e+01
9.93321971e-01 1.03600423e-01 5.07780927e-02 -1.55635321e+00 -1.04672688e-01 9.94326626e-01 1.89258957e-02 -2.12226543e-01 -4.85292788e-02 -2.41145875e-02 9.98530618e-01 -2.92210826e+01
9.96255852e-01 7.97210903e-02 3.34488420e-02 -8.83679996e-01 -8.04283884e-02 9.96552437e-01 2.03596208e-02 -2.74833092e-01 -3.17104339e-02 -2.29736278e-02 9.99233036e-01 -2.96423373e+01
9.91783901e-01 1.13680270e-01 5.86642133e-02 -1.82913202e+00 -1.13432435e-01 9.93517038e-01 -7.54842665e-03 7.34483859e-01 -5.91420026e-02 8.31983461e-04 9.98249233e-01 -2.84672418e+01
9.91933305e-01 1.18580425e-01 4.47995756e-02 -1.38402642e+00 -1.20505921e-01 9.91779073e-01 4.30417656e-02 -1.10342554e+00 -3.93273707e-02 -4.80931750e-02 9.98068337e-01 -3.14302139e+01
9.91985814e-01 1.17958547e-01 4.52761169e-02 -1.62972395e+00 -1.19914850e-01 9.91842265e-01 4.32359869e-02 -1.20896358e+00 -3.98067121e-02 -4.83187644e-02 9.98038437e-01 -3.37804602e+01
9.97698242e-01 6.59052873e-02 1.59596640e-02 -2.44357436e-01 -6.60923547e-02 9.97747335e-01 1.14915546e-02 4.96214086e-02 -1.51663580e-02 -1.25199156e-02 9.99806598e-01 -3.03728348e+01
9.97685088e-01 6.68974819e-02 1.22144323e-02 -2.84160725e-01 -6.70565982e-02 9.97662933e-01 1.31180960e-02 8.25186931e-02 -1.13083188e-02 -1.39067871e-02 9.99839349e-01 -3.27449039e+01
9.97813883e-01 6.55092119e-02 8.71773640e-03 -3.44785368e-01 -6.56421491e-02 9.97715686e-01 1.59536022e-02 3.46776002e-02 -7.65271445e-03 -1.64909767e-02 9.99834728e-01 -3.51295201e+01
9.97854058e-01 6.53351616e-02 4.31227992e-03 -3.23795648e-01 -6.53942701e-02 9.97740750e-01 1.53943261e-02 3.78620000e-02 -3.29674662e-03 -1.56432891e-02 9.99872201e-01 -3.75236008e+01
9.97901257e-01 6.47509486e-02 -6.28939902e-04 -3.49869441e-01 -6.47333749e-02 9.97781451e-01 1.55488069e-02 4.83451490e-02 1.63434457e-03 -1.54754606e-02 9.99878912e-01 -3.99243671e+01
9.99737845e-01 1.60429280e-03 2.28400412e-02 -9.08763982e-01 -1.50897524e-03 9.99990084e-01 -4.18988882e-03 1.10588435e+00 -2.28465365e-02 4.15432537e-03 9.99730352e-01 -3.27851957e+01
9.41845583e-01 3.32175274e-01 5.08574936e-02 -2.22233662e+00 -3.36045667e-01 9.31200859e-01 1.41202937e-01 -7.86665752e+00 -4.54417443e-04 -1.50081803e-01 9.88673478e-01 -2.96733601e+01
9.92503076e-01 1.21100795e-01 1.64997589e-02 -1.78975054e+00 -1.21692695e-01 9.91699906e-01 4.14992042e-02 -1.53301178e+00 -1.13372227e-02 -4.31959880e-02 9.99002289e-01 -3.86431208e+01
9.92572845e-01 1.21496282e-01 6.14815822e-03 -1.78885047e+00 -1.21645679e-01 9.91759578e-01 4.01903901e-02 -1.54599557e+00 -1.21451184e-03 -4.06397867e-02 9.99173124e-01 -4.10228145e+01
9.93049174e-01 1.17397903e-01 -8.43031469e-03 -1.73550948e+00 -1.16952127e-01 9.92265840e-01 4.16017144e-02 -1.69264074e+00 1.32490673e-02 -4.03266049e-02 9.99098707e-01 -4.33880805e+01
9.92799294e-01 1.17500564e-01 -2.33062037e-02 -1.68002233e+00 -1.16515578e-01 9.92387736e-01 3.98836001e-02 -1.69899486e+00 2.78151362e-02 -3.68808743e-02 9.98932490e-01 -4.57431729e+01
9.92571812e-01 1.14943943e-01 -3.98633612e-02 -1.60553706e+00 -1.13447726e-01 9.92818324e-01 3.79656268e-02 -1.76604806e+00 4.39409942e-02 -3.31612034e-02 9.98483612e-01 -4.80854340e+01
9.91602226e-01 1.16572924e-01 -5.59980280e-02 -1.57416947e+00 -1.14582414e-01 9.92704140e-01 3.75414472e-02 -1.83913365e+00 5.99657905e-02 -3.08097933e-02 9.97724842e-01 -5.04132732e+01
9.90520959e-01 1.15799605e-01 -7.38828891e-02 -1.48158518e+00 -1.13246352e-01 9.92844857e-01 3.78728723e-02 -1.85331588e+00 7.77399101e-02 -2.91469061e-02 9.96547522e-01 -5.27269534e+01
9.88439794e-01 1.17703543e-01 -9.55648986e-02 -1.26316106e+00 -1.14491024e-01 9.92679914e-01 3.84498792e-02 -1.89053929e+00 9.93910424e-02 -2.70640676e-02 9.94680329e-01 -5.50204797e+01
9.85812429e-01 1.20219593e-01 -1.17137117e-01 -9.83268097e-01 -1.16462576e-01 9.92451228e-01 3.84321177e-02 -1.94506481e+00 1.20873169e-01 -2.42447689e-02 9.92371840e-01 -5.72992548e+01
9.82266235e-01 1.25525296e-01 -1.39271112e-01 -6.89565382e-01 -1.21530534e-01 9.91903041e-01 3.68603566e-02 -1.98777181e+00 1.42770347e-01 -1.92809911e-02 9.89568023e-01 -5.95791010e+01
9.77661752e-01 1.31377010e-01 -1.64065777e-01 -3.22123977e-01 -1.27143321e-01 9.91227519e-01 3.60912920e-02 -2.03227709e+00 1.67368079e-01 -1.44252081e-02 9.85788943e-01 -6.18589193e+01
9.72660630e-01 1.37135113e-01 -1.87417342e-01 2.46504839e-02 -1.32414328e-01 9.90483276e-01 3.75409912e-02 -2.06590487e+00 1.90781931e-01 -1.16979028e-02 9.81562741e-01 -6.41487282e+01
9.66985438e-01 1.44488205e-01 -2.09910270e-01 3.29672097e-01 -1.38719280e-01 9.89439403e-01 4.20312934e-02 -2.15161515e+00 2.13766518e-01 -1.15250472e-02 9.76816794e-01 -6.64458874e+01
9.60007969e-01 1.50440581e-01 -2.36119314e-01 8.06525444e-01 -1.44511553e-01 9.88597637e-01 4.23216571e-02 -2.21600278e+00 2.39793891e-01 -6.50715936e-03 9.70802012e-01 -6.87148575e+01
9.52671581e-01 1.53271435e-01 -2.62535189e-01 1.35868849e+00 -1.47589409e-01 9.88183915e-01 4.13511445e-02 -2.28449080e+00 2.65771000e-01 -6.46646732e-04 9.64035973e-01 -7.09673298e+01
9.43408086e-01 1.58935794e-01 -2.91068029e-01 2.01594928e+00 -1.53999604e-01 9.87263109e-01 3.99459010e-02 -2.32543552e+00 2.93709561e-01 7.13907505e-03 9.55868049e-01 -7.31885395e+01
9.33868582e-01 1.62136255e-01 -3.18749598e-01 2.62034438e+00 -1.56836670e-01 9.86713688e-01 4.24070296e-02 -2.40235067e+00 3.21390308e-01 1.03890328e-02 9.46889824e-01 -7.54245783e+01
9.23271681e-01 1.62803104e-01 -3.47943317e-01 3.36204814e+00 -1.56362393e-01 9.86594202e-01 4.67191858e-02 -2.44438512e+00 3.50884888e-01 1.12707485e-02 9.36350771e-01 -7.76159455e+01
9.10965227e-01 1.66462171e-01 -3.77402571e-01 4.21921373e+00 -1.57912188e-01 9.85990316e-01 5.37293007e-02 -2.53096938e+00 3.81059176e-01 1.06509413e-02 9.24489298e-01 -7.97470231e+01
8.96809899e-01 1.70103800e-01 -4.08407519e-01 5.16863423e+00 -1.60241188e-01 9.85341018e-01 5.85306752e-02 -2.66046702e+00 4.12376971e-01 1.29528171e-02 9.10921214e-01 -8.18084650e+01
8.82603035e-01 1.68717812e-01 -4.38800846e-01 6.10631651e+00 -1.60456457e-01 9.85444010e-01 5.61589641e-02 -2.76395117e+00 4.41888683e-01 2.08423571e-02 8.96827736e-01 -8.38627809e+01
8.67675610e-01 1.63295247e-01 -4.69546268e-01 7.00963939e+00 -1.59279470e-01 9.86037359e-01 4.85837173e-02 -2.70970092e+00 4.70923653e-01 3.26341741e-02 8.81570147e-01 -8.59193253e+01
8.49718453e-01 1.58796464e-01 -5.02754645e-01 8.14775502e+00 -1.58041297e-01 9.86431186e-01 4.44574265e-02 -2.78190674e+00 5.02992544e-01 4.16797006e-02 8.63285181e-01 -8.78488612e+01
8.31557209e-01 1.54640800e-01 -5.33478051e-01 9.22870202e+00 -1.53146066e-01 9.87065753e-01 4.74076159e-02 -2.81158993e+00 5.33909066e-01 4.22779200e-02 8.44484273e-01 -8.98162089e+01
8.11587821e-01 1.50448545e-01 -5.64526743e-01 1.04341691e+01 -1.46605812e-01 9.87801571e-01 5.24861184e-02 -2.90438455e+00 5.65536864e-01 4.01658072e-02 8.23744356e-01 -9.17062011e+01
7.88697597e-01 1.47688475e-01 -5.96778196e-01 1.18159641e+01 -1.44335964e-01 9.88066768e-01 5.37698036e-02 -3.01679794e+00 5.97597883e-01 4.37284411e-02 8.00602644e-01 -9.34656813e+01
7.69303590e-01 1.48185025e-01 -6.21460525e-01 1.29001778e+01 -1.47245805e-01 9.87666535e-01 5.32305152e-02 -3.08861391e+00 6.21683729e-01 5.05570285e-02 7.81635035e-01 -9.54260958e+01
7.47263761e-01 1.46883810e-01 -6.48091057e-01 1.42177908e+01 -1.47540727e-01 9.87596468e-01 5.37117325e-02 -3.17195844e+00 6.47941823e-01 5.54829944e-02 7.59666395e-01 -9.72480324e+01
7.23461357e-01 1.45306952e-01 -6.74899662e-01 1.56865169e+01 -1.45953861e-01 9.87694008e-01 5.61962455e-02 -3.23738376e+00 6.74760057e-01 5.78483993e-02 7.35766558e-01 -9.89620351e+01
6.98086446e-01 1.42663601e-01 -7.01656904e-01 1.72813186e+01 -1.44617990e-01 9.87846135e-01 5.69706186e-02 -3.23299627e+00 7.01256694e-01 6.17017944e-02 7.10233721e-01 -1.00560451e+02
6.69558840e-01 1.37876779e-01 -7.29849952e-01 1.90191733e+01 -1.41852222e-01 9.88270602e-01 5.65611581e-02 -3.36347418e+00 7.29087722e-01 6.56598139e-02 6.81263446e-01 -1.01992256e+02
6.42920453e-01 1.35528458e-01 -7.53847019e-01 2.06595649e+01 -1.40626058e-01 9.88376527e-01 5.77594355e-02 -3.45749133e+00 7.52912746e-01 6.88758120e-02 6.54506317e-01 -1.03536011e+02
6.17261012e-01 1.33105105e-01 -7.75417226e-01 2.22575084e+01 -1.34717978e-01 9.88910170e-01 6.25119423e-02 -3.61715599e+00 7.75138639e-01 6.58764561e-02 6.28347343e-01 -1.05104800e+02
5.88572542e-01 1.29041182e-01 -7.98079404e-01 2.40102070e+01 -1.25623774e-01 9.89786306e-01 6.73924047e-02 -3.76492464e+00 7.98624461e-01 6.05924281e-02 5.98771683e-01 -1.06494846e+02
5.59298308e-01 1.25562630e-01 -8.19401872e-01 2.57913590e+01 -1.17635824e-01 9.90480641e-01 7.14836500e-02 -3.93221111e+00 8.20577367e-01 5.64103298e-02 5.68744810e-01 -1.07834580e+02
5.29588661e-01 1.20665032e-01 -8.39628370e-01 2.76136067e+01 -1.13039268e-01 9.91041453e-01 7.11263885e-02 -4.10384790e+00 8.40688987e-01 5.72432477e-02 5.38484203e-01 -1.09108734e+02
4.98871371e-01 1.15756603e-01 -8.58910801e-01 2.95045122e+01 -1.13328350e-01 9.91243750e-01 6.77680852e-02 -4.26083808e+00 8.59234567e-01 6.35313863e-02 5.07621633e-01 -1.10287899e+02
4.68754152e-01 1.08471738e-01 -8.76643272e-01 3.13911968e+01 -1.14445794e-01 9.91524608e-01 6.14907550e-02 -4.41456571e+00 8.75883385e-01 7.15040883e-02 4.77195411e-01 -1.11479647e+02
4.36231814e-01 1.00359231e-01 -8.94220235e-01 3.33732233e+01 -1.12902376e-01 9.92012210e-01 5.62568058e-02 -4.51946256e+00 8.92723282e-01 7.64185808e-02 4.44078082e-01 -1.12541882e+02
4.04273924e-01 9.07776151e-02 -9.10121980e-01 3.53875116e+01 -1.10235041e-01 9.92644943e-01 5.00425096e-02 -4.61589413e+00 9.07970721e-01 8.00964522e-02 4.11307341e-01 -1.13577728e+02
3.72374089e-01 8.45637936e-02 -9.24222107e-01 3.74200206e+01 -1.09666367e-01 9.92872669e-01 4.66599591e-02 -4.67542094e+00 9.21580613e-01 8.39811213e-02 3.78993860e-01 -1.14610139e+02
3.36958404e-01 7.76559721e-02 -9.38311560e-01 3.95659040e+01 -1.10537126e-01 9.92963575e-01 4.24839039e-02 -4.73890438e+00 9.35008330e-01 8.94029547e-02 3.43171290e-01 -1.15407355e+02
3.02044013e-01 7.12687831e-02 -9.50626201e-01 4.17190560e+01 -1.10983389e-01 9.93049404e-01 3.91863323e-02 -4.77621213e+00 9.46811545e-01 9.36677208e-02 3.07854278e-01 -1.16210383e+02
2.66050913e-01 6.75246415e-02 -9.61591043e-01 4.39322659e+01 -1.11869081e-01 9.92966121e-01 3.87761622e-02 -4.82770694e+00 9.57445675e-01 9.72558726e-02 2.71733463e-01 -1.16832702e+02
2.30827125e-01 6.57318895e-02 -9.70771939e-01 4.61561845e+01 -1.13473427e-01 9.92725924e-01 4.02370571e-02 -4.88838008e+00 9.66355328e-01 1.00869014e-01 2.36606894e-01 -1.17426374e+02
1.95472013e-01 6.86281257e-02 -9.78305102e-01 4.83903355e+01 -1.14651105e-01 9.92307421e-01 4.67023182e-02 -4.95059133e+00 9.73984505e-01 1.03034764e-01 2.01836620e-01 -1.17947808e+02
1.61643707e-01 6.65267619e-02 -9.84604236e-01 5.06389612e+01 -1.11580421e-01 9.92559138e-01 4.87459538e-02 -5.02896570e+00 9.80520842e-01 1.01983078e-01 1.67864022e-01 -1.18372191e+02
1.30108309e-01 6.25540019e-02 -9.89524545e-01 5.28845662e+01 -1.06769939e-01 9.93088383e-01 4.87405761e-02 -5.12753926e+00 9.85734248e-01 9.93099214e-02 1.35887937e-01 -1.18808676e+02
1.00485184e-01 6.67163531e-02 -9.92699177e-01 5.51555541e+01 -1.03876490e-01 9.92999894e-01 5.62217484e-02 -5.19132065e+00 9.89501088e-01 9.74686535e-02 1.06712037e-01 -1.19099679e+02
7.49408791e-02 6.46168272e-02 -9.95092222e-01 5.74323746e+01 -1.05168980e-01 9.92845163e-01 5.65505862e-02 -5.36183671e+00 9.91626618e-01 1.00414883e-01 8.12003751e-02 -1.19374006e+02
5.14135117e-02 6.29084097e-02 -9.96694127e-01 5.97280407e+01 -1.07674951e-01 9.92545505e-01 5.70922517e-02 -5.50888960e+00 9.92855858e-01 1.04383678e-01 5.78039099e-02 -1.19471294e+02
3.41092305e-02 6.13459968e-02 -9.97533573e-01 6.20202144e+01 -1.09854127e-01 9.92296573e-01 5.72676291e-02 -5.63415925e+00 9.93362286e-01 1.07629825e-01 4.05855835e-02 -1.19703048e+02
1.83374718e-02 6.16014383e-02 -9.97932362e-01 6.43204292e+01 -1.06492206e-01 9.92542950e-01 5.93119110e-02 -5.78425479e+00 9.94144430e-01 1.05184388e-01 2.47608014e-02 -1.19846693e+02
1.88410893e-03 6.20909998e-02 -9.98068714e-01 6.66249278e+01 -1.02924267e-01 9.92781950e-01 6.15678083e-02 -5.87752495e+00 9.94687411e-01 1.02609490e-01 8.26117998e-03 -1.19823142e+02
-1.07472938e-02 6.44662409e-02 -9.97862014e-01 6.89172478e+01 -9.80668012e-02 9.93041001e-01 6.52109933e-02 -6.00769821e+00 9.95121801e-01 9.85579775e-02 -4.35050536e-03 -1.19837912e+02
-1.90393077e-02 6.77840608e-02 -9.97518334e-01 7.12110110e+01 -9.57729597e-02 9.92987649e-01 6.93041759e-02 -6.08724081e+00 9.95221104e-01 9.68547867e-02 -1.24139173e-02 -1.19765395e+02
-2.54968360e-02 7.10047184e-02 -9.97150060e-01 7.35014772e+01 -9.04723797e-02 9.93217095e-01 7.30380135e-02 -6.23897161e+00 9.95572529e-01 9.20767770e-02 -1.88999275e-02 -1.19707603e+02
-2.76228913e-02 7.08158099e-02 -9.97106863e-01 7.57909930e+01 -8.39144486e-02 9.93802349e-01 7.29058043e-02 -6.47183305e+00 9.96090027e-01 8.56855418e-02 -2.15092247e-02 -1.19794899e+02
-2.96947413e-02 7.26388960e-02 -9.96916152e-01 7.81062025e+01 -7.94709619e-02 9.94027158e-01 7.47955631e-02 -6.65564261e+00 9.96394796e-01 8.14469204e-02 -2.37446964e-02 -1.19833359e+02
-3.26023927e-02 7.32461957e-02 -9.96780858e-01 8.04262414e+01 -7.64478982e-02 9.94206612e-01 7.55574668e-02 -6.83485437e+00 9.96540417e-01 7.86651558e-02 -2.68139967e-02 -1.19777984e+02
-3.49062257e-02 7.41612474e-02 -9.96635171e-01 8.27434833e+01 -7.21423728e-02 9.94454271e-01 7.65256831e-02 -7.04087975e+00 9.96783343e-01 7.45708489e-02 -2.93624769e-02 -1.19749849e+02
-3.71520511e-02 7.59400625e-02 -9.96420008e-01 8.50646341e+01 -6.90477448e-02 9.94530276e-01 7.83705226e-02 -7.18734632e+00 9.96921328e-01 7.17121801e-02 -3.17053496e-02 -1.19683503e+02
-3.91744395e-02 7.81477314e-02 -9.96171820e-01 8.73868826e+01 -6.76613270e-02 9.94441476e-01 8.06727698e-02 -7.38594546e+00 9.96938969e-01 7.05626179e-02 -3.36691082e-02 -1.19715735e+02
-4.16890344e-02 7.84588020e-02 -9.96045301e-01 8.97161182e+01 -6.90207384e-02 9.94304276e-01 8.12104934e-02 -7.54919037e+00 9.96743780e-01 7.21333692e-02 -3.60363007e-02 -1.19594631e+02
-4.43269562e-02 7.83506591e-02 -9.95939905e-01 9.20351679e+01 -6.90906246e-02 9.94292426e-01 8.12961139e-02 -7.75698909e+00 9.96625108e-01 7.24137194e-02 -3.86606608e-02 -1.19458734e+02
-4.60308398e-02 7.87923176e-02 -9.95827762e-01 9.43524672e+01 -6.71705216e-02 9.94384065e-01 8.17829585e-02 -8.00412471e+00 9.96679127e-01 7.06548085e-02 -4.04798125e-02 -1.19427930e+02
-4.89068372e-02 7.74080090e-02 -9.95799238e-01 9.66929974e+01 -6.50628326e-02 9.94627861e-01 8.05123933e-02 -8.17896045e+00 9.96681970e-01 6.87271256e-02 -4.36077185e-02 -1.19245009e+02
-5.07455652e-02 7.44134076e-02 -9.95935506e-01 9.90567522e+01 -6.26910772e-02 9.95016347e-01 7.75390080e-02 -8.36208025e+00 9.96742051e-01 6.63710305e-02 -4.58276102e-02 -1.19216433e+02
-5.28372463e-02 7.17469519e-02 -9.96022389e-01 1.01428044e+02 -5.85881635e-02 9.95474795e-01 7.48155064e-02 -8.56768274e+00 9.96882968e-01 6.23081679e-02 -4.83946248e-02 -1.19095679e+02
-5.45849820e-02 6.80995547e-02 -9.96184185e-01 1.03796242e+02 -5.39260718e-02 9.96014509e-01 7.10427843e-02 -8.76761104e+00 9.97051884e-01 5.75981690e-02 -5.06950925e-02 -1.18964919e+02
-5.67344521e-02 6.53248667e-02 -9.96249900e-01 1.06164505e+02 -5.15096422e-02 9.96336686e-01 6.82639291e-02 -8.92191472e+00 9.97059657e-01 5.51893925e-02 -5.31617555e-02 -1.18854782e+02
-5.97012472e-02 6.23407412e-02 -9.96267732e-01 1.08529597e+02 -5.30633841e-02 9.96438624e-01 6.55312528e-02 -9.06714784e+00 9.96804915e-01 5.67776348e-02 -5.61806179e-02 -1.18676355e+02
-6.20540764e-02 5.86632382e-02 -9.96347287e-01 1.10912236e+02 -5.68638831e-02 9.96441854e-01 6.22103782e-02 -9.21830916e+00 9.96451600e-01 6.05165832e-02 -5.84974594e-02 -1.18542183e+02
-6.42198905e-02 5.87834160e-02 -9.96202949e-01 1.13300125e+02 -5.85208490e-02 9.96323829e-01 6.25630758e-02 -9.34134707e+00 9.96218408e-01 6.23164362e-02 -6.05437518e-02 -1.18418810e+02
-6.56303893e-02 5.75647825e-02 -9.96182186e-01 1.15687295e+02 -5.75949519e-02 9.96451681e-01 6.13748211e-02 -9.50523167e+00 9.96180442e-01 6.14031185e-02 -6.20820709e-02 -1.18315015e+02
-6.66692392e-02 5.89651495e-02 -9.96031287e-01 1.18065188e+02 -5.45385416e-02 9.96544539e-01 6.26460650e-02 -9.68461936e+00 9.96283474e-01 5.84986592e-02 -6.32229930e-02 -1.18217545e+02
-6.73022836e-02 5.94016462e-02 -9.95962774e-01 1.20439507e+02 -5.22426536e-02 9.96646947e-01 6.29727545e-02 -9.81504632e+00 9.96363943e-01 5.62699484e-02 -6.39733158e-02 -1.18053377e+02
-6.74833970e-02 5.76080364e-02 -9.96055875e-01 1.22805946e+02 -5.11694634e-02 9.96818022e-01 6.11188786e-02 -9.97231430e+00 9.96407385e-01 5.50921542e-02 -6.43208940e-02 -1.17892018e+02
-6.72828685e-02 5.31158349e-02 -9.96319087e-01 1.25166823e+02 -5.22669596e-02 9.97023169e-01 5.66830343e-02 -1.01103777e+01 9.96363980e-01 5.58883666e-02 -6.43063756e-02 -1.17699107e+02
-4.76286711e-02 2.78736079e-01 -9.59185961e-01 6.58272409e+01 -6.54843173e-02 9.57338604e-01 2.81450888e-01 6.39407297e+00 9.96716265e-01 7.62167696e-02 -2.73439236e-02 -2.41779938e+02
-4.71387017e-02 2.74260509e-01 -9.60499410e-01 6.80899290e+01 -6.39375375e-02 9.58768041e-01 2.76904016e-01 5.73167154e+00 9.96839974e-01 7.44648628e-02 -2.76595391e-02 -2.41735725e+02
-4.72372241e-02 2.70194816e-01 -9.61646196e-01 7.03509000e+01 -6.33563993e-02 9.59971970e-01 2.72836549e-01 5.07204760e+00 9.96872415e-01 7.38144816e-02 -2.82278405e-02 -2.41627517e+02
-4.75690502e-02 2.67728918e-01 -9.62319288e-01 7.26159894e+01 -6.32548902e-02 9.60668797e-01 2.70396526e-01 4.41337895e+00 9.96863082e-01 7.37339068e-02 -2.87629390e-02 -2.41483416e+02
-4.81649091e-02 2.66410549e-01 -9.62655474e-01 7.48892573e+01 -6.82352467e-02 9.60644890e-01 2.69268170e-01 3.77440072e+00 9.96505942e-01 7.86563106e-02 -2.80907842e-02 -2.41399995e+02
-4.76159837e-02 2.69910717e-01 -9.61707296e-01 7.71802366e+01 -7.73742269e-02 9.58909781e-01 2.72956519e-01 3.18904685e+00 9.95864422e-01 8.74084517e-02 -2.47752995e-02 -2.41390751e+02
-4.81324091e-02 2.75516400e-01 -9.60090613e-01 7.94596205e+01 -8.31193831e-02 9.56765963e-01 2.78729368e-01 2.55975932e+00 9.95376531e-01 9.32180554e-02 -2.31506975e-02 -2.41328838e+02
-4.71201919e-02 2.85815922e-01 -9.57125355e-01 8.17193645e+01 -8.02491343e-02 9.54009305e-01 2.88836151e-01 1.88776376e+00 9.95660466e-01 9.04184961e-02 -2.20166212e-02 -2.41377636e+02
-4.67227769e-02 2.90528172e-01 -9.55725046e-01 8.39623751e+01 -7.44984659e-02 9.53091898e-01 2.93369754e-01 1.16740647e+00 9.96125976e-01 8.49070994e-02 -2.28871970e-02 -2.41375804e+02
-4.61818452e-02 2.94321849e-01 -9.54589905e-01 8.62050616e+01 -6.90311351e-02 9.52384715e-01 2.96981577e-01 4.69976015e-01 9.96545001e-01 7.96115819e-02 -2.36655121e-02 -2.41340639e+02
-4.57228677e-02 2.96904973e-01 -9.53811751e-01 8.84342207e+01 -6.43797915e-02 9.51949581e-01 2.99411486e-01 -2.35415877e-01 9.96877456e-01 7.50961534e-02 -2.44111845e-02 -2.41262923e+02
6.36705981e-02 -9.84887001e-02 9.93099205e-01 -1.19396341e+02 5.31413107e-02 -9.93371907e-01 -1.01922795e-01 9.18453129e+00 9.96555094e-01 5.92640787e-02 -5.80147648e-02 -1.77406092e+03
-7.33646881e-02 1.53513142e-01 -9.85419371e-01 1.30291675e+02 -6.92563775e-02 9.84912514e-01 1.58590334e-01 -3.81547837e-01 9.94897571e-01 7.98815064e-02 -6.16260352e-02 -8.64422047e+01
-7.36293314e-02 1.51015737e-01 -9.85785458e-01 1.32601233e+02 -7.09527742e-02 9.85170385e-01 1.56221048e-01 -7.52276404e-01 9.94758476e-01 8.14466642e-02 -6.18224513e-02 -8.62492137e+01
-5.62334515e-02 2.30542366e-01 -9.71436059e-01 1.05771932e+02 -6.91978448e-02 9.69736037e-01 2.34144565e-01 1.30354179e+00 9.96016796e-01 8.03880387e-02 -3.85785696e-02 -2.01407199e+02
-5.98050186e-02 1.90803125e-01 -9.79804841e-01 1.13811931e+02 -6.70300904e-02 9.78578625e-01 1.94655699e-01 2.00641215e+00 9.95956990e-01 7.73177948e-02 -4.57343622e-02 -1.67327818e+02
-5.94901559e-02 2.03212288e-01 -9.77325784e-01 1.13004729e+02 -6.62102435e-02 9.76100542e-01 2.06987768e-01 3.55504477e+00 9.96030685e-01 7.70227127e-02 -4.46136383e-02 -1.84680303e+02
-5.93032491e-02 1.88328889e-01 -9.80313906e-01 1.13469330e+02 -6.50620256e-02 9.79224995e-01 1.92055569e-01 1.53032030e+00 9.96117492e-01 7.51707277e-02 -4.58181648e-02 -1.96491936e+02
-5.87710006e-02 1.74263589e-01 -9.82943626e-01 1.11501814e+02 -7.64218369e-02 9.80970679e-01 1.78483134e-01 7.93459492e+00 9.95341988e-01 8.56079899e-02 -4.43350848e-02 -2.41027423e+02
-4.47001338e-02 2.62126299e-01 -9.63997770e-01 9.16531395e+01 -7.65517804e-02 9.61226284e-01 2.64922359e-01 6.53717234e+00 9.96063112e-01 8.56378105e-02 -2.29007086e-02 -2.62914619e+02
-5.32354275e-02 2.00893191e-01 -9.78165587e-01 1.05372618e+02 -7.70590998e-02 9.75807175e-01 2.04602671e-01 8.72644832e+00 9.95604281e-01 8.62686702e-02 -3.64668636e-02 -2.36711520e+02
-3.70219214e-02 2.98055580e-01 -9.53830304e-01 8.06310783e+01 -7.28150007e-02 9.51142865e-01 3.00042039e-01 8.39105191e+00 9.96658092e-01 8.05612870e-02 -1.35102192e-02 -3.12020175e+02
5.62775729e-02 -2.63578859e-01 9.62994818e-01 -1.12471445e+02 8.62680680e-02 -9.59632475e-01 -2.67700080e-01 -1.83228548e+01 9.94681183e-01 9.81412133e-02 -3.12673477e-02 -1.66998421e+03
-6.66161075e-02 2.47667099e-01 -9.66552276e-01 1.28614488e+02 -1.05632212e-01 9.61509657e-01 2.53655307e-01 3.41534731e+01 9.92171422e-01 1.18996584e-01 -3.78904072e-02 -9.69017946e+01
-3.18328984e-02 2.28256230e-01 -9.73080552e-01 7.92058454e+01 -7.40322247e-02 9.70361139e-01 2.30040191e-01 5.34694683e+00 9.96747659e-01 7.93621641e-02 -1.39910910e-02 -3.36603405e+02
-6.10470267e-02 1.36490702e-01 -9.88758590e-01 1.23599294e+02 -9.34533608e-02 9.85473096e-01 1.41807076e-01 2.22451532e+01 9.93750336e-01 1.01059714e-01 -4.74046876e-02 -2.07105976e+02
-6.06983311e-02 1.38901606e-01 -9.88444261e-01 1.25928323e+02 -9.33051244e-02 9.85144588e-01 1.44167594e-01 2.19191950e+01 9.93785624e-01 1.00977647e-01 -4.68364007e-02 -2.06981921e+02
-5.69830722e-02 1.42195932e-01 -9.88196967e-01 1.20859293e+02 -9.19329171e-02 9.84852612e-01 1.47015888e-01 1.93806595e+01 9.94133426e-01 9.92252468e-02 -4.30474407e-02 -2.77601906e+02
-5.64098093e-02 1.44005019e-01 -9.87967858e-01 1.23157093e+02 -9.09505199e-02 9.84687963e-01 1.48719930e-01 1.90198496e+01 9.94256474e-01 9.82454532e-02 -4.24487289e-02 -2.77456578e+02
-5.36280272e-02 1.45990665e-01 -9.87831342e-01 1.25456145e+02 -9.28048225e-02 9.84244567e-01 1.50498827e-01 1.86753986e+01 9.94239056e-01 9.97464676e-02 -3.92344567e-02 -2.77472955e+02
-5.24779874e-02 1.45389475e-01 -9.87981762e-01 1.27752117e+02 -9.43231769e-02 9.84200276e-01 1.49843102e-01 1.83759487e+01 9.94157532e-01 1.01053043e-01 -3.79352525e-02 -2.77330350e+02
-5.25176851e-02 1.46404052e-01 -9.87829817e-01 1.30035367e+02 -9.51443388e-02 9.83961407e-01 1.50889044e-01 1.80514576e+01 9.94077184e-01 1.01910758e-01 -3.77458587e-02 -2.77138280e+02
-4.99648075e-02 1.45621048e-01 -9.88077946e-01 1.32330639e+02 -9.50328038e-02 9.84131713e-01 1.49845048e-01 1.77518872e+01 9.94219435e-01 1.01386797e-01 -3.53331751e-02 -2.77064031e+02
-4.89950276e-02 1.47201126e-01 -9.87892360e-01 1.34622092e+02 -9.16814915e-02 9.84241742e-01 1.51204155e-01 1.73539226e+01 9.94582320e-01 9.79796968e-02 -3.47273326e-02 -2.76921279e+02
-4.84268966e-02 1.48067261e-01 -9.87790930e-01 1.36911565e+02 -9.14428853e-02 9.84140864e-01 1.52003154e-01 1.69430965e+01 9.94632110e-01 9.76874938e-02 -3.41191903e-02 -2.76779989e+02
-4.77233134e-02 1.41800211e-01 -9.88744247e-01 1.39231263e+02 -9.39526441e-02 9.84846317e-01 1.45775965e-01 1.66620673e+01 9.94432193e-01 9.98520484e-02 -3.36776247e-02 -2.76661909e+02
-4.81190598e-02 1.44259129e-01 -9.88369293e-01 1.41539391e+02 -9.13815348e-02 9.84729927e-01 1.48176877e-01 1.62441190e+01 9.94652689e-01 9.74488349e-02 -3.42016577e-02 -2.76480810e+02
-4.68362386e-02 1.43216578e-01 -9.88582510e-01 1.43865089e+02 -9.08936188e-02 9.84951909e-01 1.46996892e-01 1.58426943e+01 9.94758622e-01 9.67406234e-02 -3.31139697e-02 -2.76411466e+02
-4.85094542e-02 1.39700834e-01 -9.89004808e-01 1.46205727e+02 -9.35621585e-02 9.85181254e-01 1.43749849e-01 1.55177486e+01 9.94430971e-01 9.95066513e-02 -3.47198934e-02 -2.76279628e+02
-5.02538208e-02 1.37682002e-01 -9.89200798e-01 1.48537511e+02 -9.46143209e-02 9.85341517e-01 1.41951487e-01 1.51744087e+01 9.94244781e-01 1.00726166e-01 -3.64904869e-02 -2.76118442e+02
-4.96804779e-02 1.35448818e-01 -9.89538007e-01 1.50869495e+02 -9.53398784e-02 9.85593962e-01 1.39695562e-01 1.48649273e+01 9.94204284e-01 1.01282576e-01 -3.60511052e-02 -2.76135514e+02
-5.11255182e-02 1.36810275e-01 -9.89277074e-01 1.53187638e+02 -9.43253031e-02 9.85482885e-01 1.41160265e-01 1.44931840e+01 9.94227800e-01 1.00530752e-01 -3.74786526e-02 -2.76043370e+02
-5.26884839e-02 1.36992713e-01 -9.89169814e-01 1.55516586e+02 -9.52786527e-02 9.85337133e-01 1.41536967e-01 1.41746750e+01 9.94055281e-01 1.01704135e-01 -3.88634386e-02 -2.75975354e+02
-5.44830119e-02 1.35335247e-01 -9.89300749e-01 1.57853522e+02 -9.96248219e-02 9.85091846e-01 1.40246036e-01 1.38570969e+01 9.93532333e-01 1.06199937e-01 -4.01880208e-02 -2.75899094e+02
-5.86024261e-02 1.36086938e-01 -9.88962133e-01 1.60196977e+02 -9.88880343e-02 9.85000885e-01 1.41401605e-01 1.35470579e+01 9.93371488e-01 1.06082998e-01 -4.42660718e-02 -2.75796534e+02
-6.14762101e-02 1.28569567e-01 -9.89793181e-01 1.62533756e+02 -9.48588962e-02 9.86427561e-01 1.34024090e-01 1.32622732e+01 9.93590693e-01 1.02129982e-01 -4.84458608e-02 -2.75672276e+02
-6.97546588e-02 1.28299774e-01 -9.89279261e-01 1.64849801e+02 -9.20205442e-02 9.86639018e-01 1.34445783e-01 1.29700251e+01 9.93310881e-01 1.00412236e-01 -5.70164530e-02 -2.75474256e+02
-7.80333239e-02 1.29614323e-01 -9.88489215e-01 1.67158871e+02 -9.56239723e-02 9.85968016e-01 1.36832483e-01 1.26266150e+01 9.92354199e-01 1.05200759e-01 -6.45441251e-02 -2.75388551e+02
-8.98193337e-02 1.29821468e-01 -9.87460821e-01 1.69454611e+02 -9.77562349e-02 9.85531643e-01 1.38459736e-01 1.23229737e+01 9.91148932e-01 1.08966813e-01 -7.58289376e-02 -2.75193272e+02
-1.02402579e-01 1.27517227e-01 -9.86535893e-01 1.71751465e+02 -9.66260840e-02 9.85784422e-01 1.37449896e-01 1.20179849e+01 9.90038945e-01 1.09400324e-01 -8.86253768e-02 -2.75031956e+02
-1.17220063e-01 1.26325581e-01 -9.85038733e-01 1.74039787e+02 -9.66961236e-02 9.85712058e-01 1.37918814e-01 1.17184803e+01 9.88387230e-01 1.11416279e-01 -1.03330035e-01 -2.74757227e+02
-1.30864476e-01 1.24853711e-01 -9.83507011e-01 1.76349682e+02 -9.88195082e-02 9.85455066e-01 1.38249838e-01 1.14385980e+01 9.86462971e-01 1.15281672e-01 -1.16623079e-01 -2.74599194e+02
-1.47192962e-01 1.29255855e-01 -9.80625900e-01 1.78635719e+02 -9.42731131e-02 9.85077940e-01 1.43993168e-01 1.10638272e+01 9.84604901e-01 1.13641437e-01 -1.32811188e-01 -2.74306521e+02
-1.60108446e-01 1.31752195e-01 -9.78267164e-01 1.80948734e+02 -9.00943216e-02 9.84965163e-01 1.47399595e-01 1.07758916e+01 9.82979297e-01 1.11736237e-01 -1.45831117e-01 -2.74099864e+02
-1.74379929e-01 1.27955971e-01 -9.76329304e-01 1.83256737e+02 -8.66578107e-02 9.85679540e-01 1.44659148e-01 1.04840172e+01 9.80857821e-01 1.09832212e-01 -1.60794344e-01 -2.73797923e+02
-1.90105383e-01 1.21556664e-01 -9.74209382e-01 1.85555547e+02 -8.80853809e-02 9.86191441e-01 1.40240536e-01 1.01211593e+01 9.77804126e-01 1.12474085e-01 -1.76772937e-01 -2.73372592e+02
-2.04631951e-01 1.13240349e-01 -9.72266624e-01 1.87869946e+02 -9.39184344e-02 9.86431351e-01 1.34657038e-01 9.84662269e+00 9.74322889e-01 1.18868892e-01 -1.91220016e-01 -2.72957124e+02
-2.19576752e-01 1.06992168e-01 -9.69710640e-01 1.90167288e+02 -9.78133624e-02 9.86545520e-01 1.30998030e-01 9.55556646e+00 9.70679451e-01 1.23614780e-01 -2.06157197e-01 -2.72464955e+02
-2.34192350e-01 1.02862070e-01 -9.66733333e-01 1.92457987e+02 -9.58391853e-02 9.87100666e-01 1.28246350e-01 9.26507335e+00 9.67454802e-01 1.22685249e-01 -2.21313207e-01 -2.71936128e+02
-2.50243175e-01 9.85040927e-02 -9.63159020e-01 1.94716016e+02 -9.45287194e-02 9.87572171e-01 1.25560853e-01 8.99623358e+00 9.63557302e-01 1.22466935e-01 -2.37821730e-01 -2.71277992e+02
-2.64481730e-01 9.30540029e-02 -9.59890810e-01 1.96983595e+02 -9.24923946e-02 9.88298165e-01 1.21292597e-01 8.64410718e+00 9.59945088e-01 1.20862275e-01 -2.52780021e-01 -2.70746817e+02
-2.80003420e-01 9.25891495e-02 -9.55523592e-01 1.99215265e+02 -9.27217355e-02 9.88076286e-01 1.22914334e-01 8.39313157e+00 9.55510735e-01 1.23014240e-01 -2.68079712e-01 -2.70071955e+02
-2.93526058e-01 8.84405170e-02 -9.51851211e-01 2.01451683e+02 -9.48789607e-02 9.88099609e-01 1.21066703e-01 8.10169000e+00 9.51231011e-01 1.25846886e-01 -2.81641838e-01 -2.69474662e+02
-3.07097495e-01 8.39893446e-02 -9.47964619e-01 2.03685122e+02 -9.66856726e-02 9.88190562e-01 1.18875118e-01 7.82769176e+00 9.46753933e-01 1.28160848e-01 -2.95350280e-01 -2.68887723e+02
-3.20750744e-01 7.99178442e-02 -9.43786045e-01 2.05900805e+02 -9.49987906e-02 9.88694961e-01 1.16006486e-01 7.57945381e+00 9.42387495e-01 1.26867699e-01 -3.09532545e-01 -2.68235031e+02
-3.36887558e-01 7.69403928e-02 -9.38395945e-01 2.08074941e+02 -9.25151597e-02 9.89127611e-01 1.14313232e-01 7.29157545e+00 9.36988644e-01 1.25326556e-01 -3.26106633e-01 -2.67461533e+02
-3.50511470e-01 7.46849385e-02 -9.33575851e-01 2.10286739e+02 -9.07904608e-02 9.89410947e-01 1.13238998e-01 7.02479407e+00 9.32147414e-01 1.24451349e-01 -3.40019206e-01 -2.66794490e+02
-3.66098246e-01 7.44813848e-02 -9.27590749e-01 2.12443280e+02 -8.80672875e-02 9.89544990e-01 1.14214119e-01 6.76383788e+00 9.26399605e-01 1.23503990e-01 -3.55711311e-01 -2.65961275e+02
-3.81711539e-01 7.16316962e-02 -9.21501601e-01 2.14596089e+02 -8.50508452e-02 9.90040294e-01 1.12189881e-01 6.52656496e+00 9.20360068e-01 1.21198662e-01 -3.71817468e-01 -2.65083906e+02
-3.98502123e-01 6.81241799e-02 -9.14633891e-01 2.16732009e+02 -8.38444090e-02 9.90356082e-01 1.10294810e-01 6.28656688e+00 9.13326980e-01 1.20639654e-01 -3.88947170e-01 -2.64155068e+02
-4.13936530e-01 6.61319450e-02 -9.07900388e-01 2.18857555e+02 -8.43562843e-02 9.90279379e-01 1.10592803e-01 5.97165231e+00 9.06388750e-01 1.22365505e-01 -4.04334165e-01 -2.63218597e+02
-4.30539471e-01 5.93130048e-02 -9.00620748e-01 2.20950012e+02 -8.88899345e-02 9.90200969e-01 1.07706180e-01 5.72085263e+00 8.98183914e-01 1.26427881e-01 -4.21048272e-01 -2.62185067e+02
-4.46249406e-01 5.57667958e-02 -8.93169375e-01 2.23064557e+02 -8.63346676e-02 9.90718388e-01 1.04992386e-01 5.37871112e+00 8.90734412e-01 1.23964271e-01 -4.37292884e-01 -2.61210387e+02
-4.60742773e-01 5.32438038e-02 -8.85935209e-01 2.25192410e+02 -8.75121421e-02 9.90609336e-01 1.05046504e-01 5.24644771e+00 8.83208765e-01 1.25929505e-01 -4.51756613e-01 -2.60224363e+02
-4.75001761e-01 4.98316371e-02 -8.78572783e-01 2.27310026e+02 -8.85304829e-02 9.90623896e-01 1.04051192e-01 5.03018932e+00 8.75520234e-01 1.27204972e-01 -4.66136476e-01 -2.59245940e+02
-4.89833511e-01 4.60735517e-02 -8.70597703e-01 2.29374035e+02 -8.84644340e-02 9.90821490e-01 1.02209676e-01 4.82541320e+00 8.67316076e-01 1.27082658e-01 -4.81261698e-01 -2.58179966e+02
-5.03137220e-01 4.22348438e-02 -8.63173885e-01 2.31451557e+02 -8.88489043e-02 9.90984468e-01 1.00277900e-01 4.61779981e+00 8.59627134e-01 1.27145598e-01 -4.94848651e-01 -2.57145430e+02
-5.20572943e-01 3.59524898e-02 -8.53059921e-01 2.33438396e+02 -9.22729257e-02 9.90892489e-01 9.80702980e-02 4.40033708e+00 8.48816540e-01 1.29767078e-01 -5.12514378e-01 -2.55940133e+02
-5.36517038e-01 3.29943694e-02 -8.43244235e-01 2.35398599e+02 -9.48841247e-02 9.90540569e-01 9.91281145e-02 4.15108020e+00 8.38538294e-01 1.33194414e-01 -5.28311251e-01 -2.54701521e+02
-5.52792633e-01 2.84436866e-02 -8.32833273e-01 2.37347194e+02 -9.65923664e-02 9.90493514e-01 9.79413747e-02 3.90990851e+00 8.27701770e-01 1.34586607e-01 -5.44790075e-01 -2.53451417e+02
-5.67274469e-01 2.55291901e-02 -8.23133001e-01 2.39272437e+02 -9.78497398e-02 9.90349439e-01 9.81499688e-02 3.70722791e+00 8.17694995e-01 1.36221321e-01 -5.59301928e-01 -2.52154863e+02
-5.83940304e-01 1.79533051e-02 -8.11598053e-01 2.41127875e+02 -9.81972732e-02 9.90852114e-01 9.25709660e-02 3.52915340e+00 8.05835602e-01 1.33752634e-01 -5.76835519e-01 -2.50741365e+02
-6.00625060e-01 1.15751459e-02 -7.99447030e-01 2.42977633e+02 -9.84470584e-02 9.91215729e-01 8.83150908e-02 3.30416082e+00 7.93446730e-01 1.31747465e-01 -5.94209468e-01 -2.49322597e+02
-6.19135740e-01 6.04106393e-03 -7.85260747e-01 2.44715258e+02 -1.02626914e-01 9.90771802e-01 8.85378603e-02 3.21658214e+00 7.78549068e-01 1.35405841e-01 -6.12802257e-01 -2.47755801e+02
-6.34078833e-01 -2.26572457e-03 -7.73265090e-01 2.46604405e+02 -1.08992979e-01 9.90274191e-01 8.64728713e-02 2.93934225e+00 7.65548538e-01 1.39111083e-01 -6.28158851e-01 -2.46402159e+02
-6.51831369e-01 -8.22243717e-03 -7.58319364e-01 2.48382747e+02 -1.11254517e-01 9.90159199e-01 8.48951843e-02 2.74402060e+00 7.50158849e-01 1.39703799e-01 -6.46331610e-01 -2.44903242e+02
-6.71390475e-01 -1.62083256e-02 -7.40926529e-01 2.50063637e+02 -1.14439983e-01 9.90036668e-01 8.20419777e-02 2.56289249e+00 7.32214669e-01 1.39873822e-01 -6.66556069e-01 -2.43286457e+02
-6.88735376e-01 -2.55005986e-02 -7.24564215e-01 2.51792012e+02 -1.17962313e-01 9.90005899e-01 7.72865587e-02 2.34742967e+00 7.15351993e-01 1.38701258e-01 -6.84860195e-01 -2.41719888e+02
-7.06507068e-01 -2.96427782e-02 -7.07084909e-01 2.53444629e+02 -1.19297598e-01 9.89813149e-01 7.77046490e-02 2.19611101e+00 6.97578559e-01 1.39252415e-01 -7.02846298e-01 -2.40071605e+02
-7.23915084e-01 -3.28868641e-02 -6.89104786e-01 2.55072400e+02 -1.17184553e-01 9.90209553e-01 7.58473595e-02 2.01700860e+00 6.79863760e-01 1.35659484e-01 -7.20681464e-01 -2.38418688e+02
-7.40649446e-01 -3.40934939e-02 -6.71026103e-01 2.56639842e+02 -1.16825112e-01 9.90033778e-01 7.86448450e-02 1.81510379e+00 6.61657231e-01 1.36640961e-01 -7.37250946e-01 -2.36721621e+02
-7.58318716e-01 -3.62182133e-02 -6.50877075e-01 2.58100528e+02 -1.16408852e-01 9.89930464e-01 8.05397826e-02 1.65417753e+00 6.41406037e-01 1.36842677e-01 -7.54898918e-01 -2.34935549e+02
-7.74225345e-01 -4.03380087e-02 -6.31623274e-01 2.59569679e+02 -1.15644825e-01 9.90182486e-01 7.85170004e-02 1.47770143e+00 6.22255084e-01 1.33833815e-01 -7.71289259e-01 -2.33163366e+02
-7.88501987e-01 -4.44023670e-02 -6.13427295e-01 2.61018355e+02 -1.14246886e-01 9.90605990e-01 7.51493226e-02 1.32964103e+00 6.04327945e-01 1.29337548e-01 -7.86167624e-01 -2.31372935e+02
-8.02445993e-01 -4.69833942e-02 -5.94872246e-01 2.62465159e+02 -1.13946452e-01 9.90616427e-01 7.54672145e-02 1.16246544e+00 5.85744513e-01 1.28341945e-01 -8.00269774e-01 -2.29578121e+02
-8.15006725e-01 -5.10720790e-02 -5.77196397e-01 2.63902286e+02 -1.16210289e-01 9.90276685e-01 7.64673489e-02 9.99036443e-01 5.67678788e-01 1.29397564e-01 -8.13017259e-01 -2.27772647e+02
-8.26471988e-01 -5.37211300e-02 -5.60408863e-01 2.65267934e+02 -1.15138591e-01 9.90525397e-01 7.48501311e-02 8.12571105e-01 5.51078178e-01 1.26386224e-01 -8.24826869e-01 -2.25914858e+02
-8.37246583e-01 -5.58088821e-02 -5.43970153e-01 2.66577898e+02 -1.12807332e-01 9.91008182e-01 7.19533855e-02 6.32194744e-01 5.35063235e-01 1.21606548e-01 -8.36013865e-01 -2.24008263e+02
-8.46175650e-01 -6.06661748e-02 -5.29439689e-01 2.67878953e+02 -1.14840969e-01 9.90914522e-01 6.99997346e-02 5.32438153e-01 5.20382860e-01 1.20033438e-01 -8.45454702e-01 -2.22079941e+02
-8.55163075e-01 -6.66708479e-02 -5.14053609e-01 2.69075541e+02 -1.18583003e-01 9.90557793e-01 6.87992016e-02 4.06870249e-01 5.04612908e-01 1.19792558e-01 -8.54994478e-01 -2.20079706e+02
-8.62762916e-01 -7.14584482e-02 -5.00533557e-01 2.70253262e+02 -1.20744014e-01 9.90438598e-01 6.67253012e-02 2.67377379e-01 4.90979668e-01 1.18004546e-01 -8.63141873e-01 -2.18063453e+02
-8.69054641e-01 -7.46679444e-02 -4.89048800e-01 2.71532495e+02 -1.23320854e-01 9.90035261e-01 6.79863905e-02 2.68116329e-01 4.79099152e-01 1.19393804e-01 -8.69602853e-01 -2.16106823e+02
-8.75642229e-01 -7.62425530e-02 -4.76904351e-01 2.72653827e+02 -1.24707283e-01 9.89667408e-01 7.07567319e-02 1.87267560e-01 4.66582019e-01 1.21431028e-01 -8.76102577e-01 -2.14063088e+02
-8.81109261e-01 -8.36444438e-02 -4.65456848e-01 2.73821293e+02 -1.31905002e-01 9.88641639e-01 7.20331841e-02 8.91373992e-02 4.54144846e-01 1.24865192e-01 -8.82134425e-01 -2.12054261e+02
-8.86742932e-01 -8.77389417e-02 -4.53859946e-01 2.74897597e+02 -1.35912815e-01 9.87910909e-01 7.45636859e-02 -1.90767970e-02 4.41831053e-01 1.27804204e-01 -8.87947862e-01 -2.09997280e+02
-8.91978292e-01 -8.59885148e-02 -4.43825080e-01 2.75982423e+02 -1.34679600e-01 9.87710184e-01 7.93095053e-02 -1.53966263e-01 4.31550844e-01 1.30516541e-01 -8.92596942e-01 -2.07947994e+02
-8.96501537e-01 -8.29621182e-02 -4.35203724e-01 2.76987968e+02 -1.30054469e-01 9.88314016e-01 7.95062303e-02 -3.30707814e-01 4.23521935e-01 1.27877647e-01 -8.96814629e-01 -2.05862446e+02
-8.99978461e-01 -7.90523281e-02 -4.28706775e-01 2.77985222e+02 -1.25104435e-01 9.88890166e-01 8.02815098e-02 -5.06629018e-01 4.17597474e-01 1.25884749e-01 -8.99869646e-01 -2.03775738e+02
-9.02650414e-01 -7.64349452e-02 -4.23532678e-01 2.78968412e+02 -1.21219998e-01 9.89413630e-01 7.97896049e-02 -6.65237215e-01 4.12950290e-01 1.23362750e-01 -9.02360067e-01 -2.01675113e+02
-9.04344321e-01 -8.15764645e-02 -4.18935113e-01 2.79971340e+02 -1.25173928e-01 9.89094637e-01 7.76098404e-02 -8.66108087e-01 4.08035337e-01 1.22625772e-01 -9.04693364e-01 -1.99581785e+02
-9.05591920e-01 -8.76990051e-02 -4.14984528e-01 2.80923179e+02 -1.31700742e-01 9.88170833e-01 7.85704695e-02 -1.03773624e+00 4.03185055e-01 1.25806553e-01 -9.06429546e-01 -1.97450263e+02
-9.06718204e-01 -9.41460852e-02 -4.11094410e-01 2.81878629e+02 -1.37737205e-01 9.87419257e-01 7.76638485e-02 -1.20730913e+00 3.98610790e-01 1.27042220e-01 -9.08278433e-01 -1.95312485e+02
-9.07479374e-01 -1.01458617e-01 -4.07660808e-01 2.82833561e+02 -1.43644193e-01 9.86847211e-01 7.41547598e-02 -1.33838659e+00 3.94775292e-01 1.25852023e-01 -9.10117430e-01 -1.93168444e+02
-9.08520850e-01 -1.05181354e-01 -4.04384406e-01 2.83754822e+02 -1.45514215e-01 9.86859732e-01 7.02387501e-02 -1.51150156e+00 3.91682880e-01 1.22657048e-01 -9.11888025e-01 -1.91005844e+02
-9.09455942e-01 -1.08990583e-01 -4.01261687e-01 2.84686076e+02 -1.47248325e-01 9.86917053e-01 6.56708563e-02 -1.70316481e+00 3.88854497e-01 1.18809862e-01 -9.13606259e-01 -1.88851448e+02
-9.09857610e-01 -1.07964144e-01 -4.00628098e-01 2.85613479e+02 -1.45649173e-01 9.87215902e-01 6.47385668e-02 -1.83904404e+00 3.88516985e-01 1.17254029e-01 -9.13950789e-01 -1.86687137e+02
-9.09727893e-01 -1.05234159e-01 -4.01647773e-01 2.86605986e+02 -1.42012261e-01 9.87868963e-01 6.28285699e-02 -2.04419576e+00 3.90163657e-01 1.14195811e-01 -9.13636491e-01 -1.84561166e+02
-9.09543915e-01 -1.03991892e-01 -4.02387318e-01 2.87539072e+02 -1.40878856e-01 9.88014028e-01 6.30985552e-02 -2.14390679e+00 3.91002577e-01 1.14078772e-01 -9.13292406e-01 -1.82410442e+02
-9.09020322e-01 -1.02295259e-01 -4.04002146e-01 2.88490332e+02 -1.38905086e-01 9.88344860e-01 6.22881658e-02 -2.26900975e+00 3.92921660e-01 1.12739161e-01 -9.12634894e-01 -1.80280553e+02
-9.08300569e-01 -9.93340991e-02 -4.06353065e-01 2.89442565e+02 -1.37005970e-01 9.88460838e-01 6.46106454e-02 -2.36994588e+00 3.95246051e-01 1.14358682e-01 -9.11428906e-01 -1.78146255e+02
-9.07093396e-01 -9.91859268e-02 -4.09076671e-01 2.90402048e+02 -1.37063203e-01 9.88475927e-01 6.42574536e-02 -2.51093970e+00 3.97989007e-01 1.14356871e-01 -9.10234726e-01 -1.76006517e+02
-9.05873064e-01 -9.97648076e-02 -4.11632087e-01 2.91289123e+02 -1.37937436e-01 9.88370262e-01 6.40116251e-02 -2.65982079e+00 4.00458806e-01 1.14765882e-01 -9.09099300e-01 -1.73829356e+02
-9.04104825e-01 -9.88704780e-02 -4.15715159e-01 2.92273334e+02 -1.38559249e-01 9.88130262e-01 6.63318947e-02 -2.81490336e+00 4.04222463e-01 1.17572166e-01 -9.07072757e-01 -1.71688653e+02
-9.00312677e-01 -9.82278781e-02 -4.24014584e-01 2.93331044e+02 -1.39977867e-01 9.87790461e-01 6.83827594e-02 -2.95689740e+00 4.12120468e-01 1.20918522e-01 -9.03070003e-01 -1.69580176e+02
-8.97113964e-01 -9.93296037e-02 -4.30488286e-01 2.94297630e+02 -1.42944009e-01 9.87245632e-01 7.00933098e-02 -3.08772581e+00 4.18035340e-01 1.24417408e-01 -8.99870415e-01 -1.67429128e+02
-8.93636933e-01 -9.65710636e-02 -4.38277379e-01 2.95366288e+02 -1.40500778e-01 9.87683822e-01 6.88491092e-02 -3.29602558e+00 4.26230645e-01 1.23104420e-01 -8.96199051e-01 -1.65334711e+02
-8.89836196e-01 -9.52608953e-02 -4.46225174e-01 2.96389839e+02 -1.40905151e-01 9.87533636e-01 7.01644986e-02 -3.39161430e+00 4.33978435e-01 1.25310336e-01 -8.92165925e-01 -1.63209744e+02
-8.85922799e-01 -9.15756635e-02 -4.54702861e-01 2.97423658e+02 -1.37541263e-01 9.88091103e-01 6.89809664e-02 -3.54437496e+00 4.42970874e-01 1.23652217e-01 -8.87967868e-01 -1.61092812e+02
-8.81414934e-01 -8.70210016e-02 -4.64257535e-01 2.98476914e+02 -1.36620442e-01 9.87839287e-01 7.42185768e-02 -3.59590116e+00 4.52153258e-01 1.28844432e-01 -8.82585148e-01 -1.58981085e+02
-8.75307811e-01 -8.37622636e-02 -4.76256359e-01 2.99601301e+02 -1.34329940e-01 9.88238510e-01 7.30760873e-02 -3.76675958e+00 4.64533856e-01 1.27939558e-01 -8.76264667e-01 -1.56912834e+02
-8.69041917e-01 -8.17737624e-02 -4.87933600e-01 3.00689682e+02 -1.33374224e-01 9.88454842e-01 7.18911757e-02 -3.91927249e+00 4.76421517e-01 1.27554211e-01 -8.69915203e-01 -1.54827572e+02
-8.62235565e-01 -7.60305995e-02 -5.00768587e-01 3.01873265e+02 -1.29953835e-01 9.88782168e-01 7.36330481e-02 -4.08235400e+00 4.89552684e-01 1.28565831e-01 -8.62443619e-01 -1.52801980e+02
-8.55057368e-01 -7.42050491e-02 -5.13196365e-01 3.03046991e+02 -1.31141414e-01 9.88479032e-01 7.55720419e-02 -4.24720631e+00 5.01676019e-01 1.31919728e-01 -8.54937634e-01 -1.50766606e+02
-8.48707475e-01 -6.83715054e-02 -5.24424408e-01 3.04250575e+02 -1.28009075e-01 9.88679966e-01 7.82662290e-02 -4.40273498e+00 5.13136726e-01 1.33556217e-01 -8.47852250e-01 -1.48749831e+02
-8.41498068e-01 -6.28766751e-02 -5.36588786e-01 3.05487743e+02 -1.25881010e-01 9.88687117e-01 8.15582981e-02 -4.53847586e+00 5.25390305e-01 1.36177489e-01 -8.39893278e-01 -1.46753601e+02
-8.34074451e-01 -5.76974720e-02 -5.48626295e-01 3.06721729e+02 -1.24320059e-01 9.88591631e-01 8.50359294e-02 -4.71728550e+00 5.37461006e-01 1.39131550e-01 -8.31731975e-01 -1.44761772e+02
-8.25668055e-01 -5.06193253e-02 -5.61880723e-01 3.08021495e+02 -1.21911352e-01 9.88443264e-01 9.00973743e-02 -4.89585808e+00 5.50826547e-01 1.42890162e-01 -8.22297098e-01 -1.42814808e+02
-8.16979112e-01 -4.33272815e-02 -5.75037284e-01 3.09352095e+02 -1.18740061e-01 9.88444684e-01 9.42226350e-02 -5.08549154e+00 5.64310136e-01 1.45257887e-01 -8.12683344e-01 -1.40891100e+02
-8.07518465e-01 -3.66092087e-02 -5.88705100e-01 3.10728263e+02 -1.16412964e-01 9.88332200e-01 9.82216028e-02 -5.24308044e+00 5.78240392e-01 1.47848664e-01 -8.02358288e-01 -1.38993272e+02
-7.95664266e-01 -3.13193621e-02 -6.04927660e-01 3.12169151e+02 -1.14984333e-01 9.88313942e-01 1.00070747e-01 -5.42083921e+00 5.94724289e-01 1.49179921e-01 -7.89967323e-01 -1.37141387e+02
-7.84235441e-01 -2.32646568e-02 -6.20027039e-01 3.13586194e+02 -1.11507794e-01 9.88311249e-01 1.03956179e-01 -5.64615704e+00 6.10361193e-01 1.50663967e-01 -7.77662898e-01 -1.35272816e+02
-7.72357833e-01 -1.86545939e-02 -6.34913683e-01 3.15058261e+02 -1.11143511e-01 9.88116776e-01 1.06171352e-01 -5.82369521e+00 6.25388278e-01 1.52568811e-01 -7.65253069e-01 -1.33436551e+02
-7.59826266e-01 -1.30963295e-02 -6.49994255e-01 3.16558521e+02 -1.09490419e-01 9.88094088e-01 1.08082940e-01 -6.04415007e+00 6.40839990e-01 1.53292400e-01 -7.52213764e-01 -1.31624531e+02
-7.48066962e-01 -2.27037537e-03 -6.63619369e-01 3.18067936e+02 -1.05628308e-01 9.87652916e-01 1.15690873e-01 -6.29076031e+00 6.55162943e-01 1.56641511e-01 -7.39070332e-01 -1.29814306e+02
-7.33158345e-01 1.17476351e-02 -6.79956494e-01 3.19656556e+02 -9.78776304e-02 9.87618073e-01 1.22598988e-01 -6.71037500e+00 6.72977570e-01 1.56437002e-01 -7.22930601e-01 -1.28105081e+02
-7.17929770e-01 2.21618953e-02 -6.95762672e-01 3.21233677e+02 -9.44740368e-02 9.87143580e-01 1.28927147e-01 -6.99343820e+00 6.89674925e-01 1.58292145e-01 -7.06606040e-01 -1.26358119e+02
-7.02317908e-01 2.46808590e-02 -7.11435458e-01 3.22774538e+02 -9.32401013e-02 9.87599577e-01 1.26306607e-01 -7.28744158e+00 7.05730713e-01 1.55041706e-01 -6.91307623e-01 -1.24586087e+02
-6.83928815e-01 3.17281580e-02 -7.28858491e-01 3.24481784e+02 -8.94971917e-02 9.87859081e-01 1.26983027e-01 -7.58370398e+00 7.24038416e-01 1.52078139e-01 -6.72785710e-01 -1.22971707e+02
-6.64511575e-01 3.66193386e-02 -7.46380192e-01 3.26236396e+02 -8.89187488e-02 9.87827830e-01 1.27630852e-01 -7.86041288e+00 7.41968883e-01 1.51179371e-01 -6.53166881e-01 -1.21403243e+02
-6.44037167e-01 4.20339618e-02 -7.63838513e-01 3.28046042e+02 -9.07833894e-02 9.87233935e-01 1.30872205e-01 -8.02755166e+00 7.59588378e-01 1.53630413e-01 -6.31999361e-01 -1.19877641e+02
-6.24059625e-01 5.03442985e-02 -7.79753189e-01 3.29810852e+02 -9.07275970e-02 9.86503648e-01 1.36305008e-01 -8.32233228e+00 7.76091546e-01 1.55807585e-01 -6.11069480e-01 -1.18312518e+02
-6.02525077e-01 5.47435857e-02 -7.96220240e-01 3.31670714e+02 -9.05033001e-02 9.86522948e-01 1.36314434e-01 -8.61674888e+00 7.92951880e-01 1.54193424e-01 -5.89450340e-01 -1.16855013e+02
-5.80959294e-01 5.83070444e-02 -8.11841479e-01 3.33559402e+02 -9.06088070e-02 9.86598179e-01 1.35698477e-01 -8.93094018e+00 8.08873502e-01 1.52395279e-01 -5.67890250e-01 -1.15443515e+02
-5.57420787e-01 6.51352108e-02 -8.27671112e-01 3.35525623e+02 -9.02993350e-02 9.86247074e-01 1.38429547e-01 -9.20121961e+00 8.25304850e-01 1.51901658e-01 -5.43872954e-01 -1.14142835e+02
-5.33603517e-01 7.08399030e-02 -8.42762716e-01 3.37506942e+02 -9.04670578e-02 9.85987405e-01 1.40159015e-01 -9.51609582e+00 8.40882274e-01 1.51031607e-01 -5.19717669e-01 -1.12874303e+02
-5.08347992e-01 7.64139965e-02 -8.57754755e-01 3.39519913e+02 -8.97665035e-02 9.85926888e-01 1.41032428e-01 -9.83356863e+00 8.56460328e-01 1.48691197e-01 -4.94334537e-01 -1.11638194e+02
-4.83536855e-01 8.52155148e-02 -8.71166130e-01 3.41579811e+02 -8.73087521e-02 9.85591321e-01 1.44868662e-01 -1.01162619e+01 8.70958834e-01 1.46109765e-01 -4.69129668e-01 -1.10443073e+02
-4.58939692e-01 9.34316345e-02 -8.83541108e-01 3.43650235e+02 -8.76354396e-02 9.84845392e-01 1.49664905e-01 -1.03955611e+01 8.84134825e-01 1.46116679e-01 -4.43796718e-01 -1.09240821e+02
-4.29048647e-01 9.65998216e-02 -8.98101182e-01 3.45830775e+02 -8.82834739e-02 9.85020401e-01 1.48124401e-01 -1.07268451e+01 8.98956777e-01 1.42840066e-01 -4.14093502e-01 -1.08248156e+02
-3.98764527e-01 1.00386657e-01 -9.11542303e-01 3.48048419e+02 -8.98574857e-02 9.84930110e-01 1.47777913e-01 -1.10700236e+01 9.12640392e-01 1.40837489e-01 -3.83734697e-01 -1.07323048e+02
-3.64291978e-01 1.07874760e-01 -9.25015887e-01 3.50323853e+02 -8.84546475e-02 9.84770059e-01 1.49678675e-01 -1.14110721e+01 9.27074501e-01 1.36348695e-01 -3.49201809e-01 -1.06555316e+02
-3.30742470e-01 1.11947940e-01 -9.37057670e-01 3.52579202e+02 -8.50295392e-02 9.85365672e-01 1.47731075e-01 -1.17606674e+01 9.39882650e-01 1.28538523e-01 -3.16383395e-01 -1.05745302e+02
-2.99270785e-01 1.18772989e-01 -9.46747049e-01 3.54837281e+02 -8.29879177e-02 9.85222395e-01 1.49832701e-01 -1.21422960e+01 9.50552472e-01 1.23409116e-01 -2.84991556e-01 -1.04936397e+02
-2.67947721e-01 1.26868028e-01 -9.55043728e-01 3.57116455e+02 -8.23549695e-02 9.84647427e-01 1.53906151e-01 -1.25339448e+01 9.59907119e-01 1.19891399e-01 -2.53385821e-01 -1.04176226e+02
-2.40826129e-01 1.27793376e-01 -9.62118303e-01 3.59325090e+02 -8.17940972e-02 9.85095064e-01 1.51319000e-01 -1.29611284e+01 9.67115557e-01 1.15137167e-01 -2.26783887e-01 -1.03244741e+02
-2.02814110e-01 1.34878784e-01 -9.69883576e-01 3.61707638e+02 -8.28842566e-02 9.84549149e-01 1.54250358e-01 -1.32778240e+01 9.75703150e-01 1.11672228e-01 -1.88501132e-01 -1.02873722e+02
-1.70484841e-01 1.40009599e-01 -9.75362615e-01 3.64054519e+02 -8.53024014e-02 9.84040582e-01 1.56165401e-01 -1.36203614e+01 9.81661051e-01 1.09824607e-01 -1.55820847e-01 -1.02360605e+02
-1.36682276e-01 1.48285853e-01 -9.79453552e-01 3.66433558e+02 -8.80334350e-02 9.83002676e-01 1.61108201e-01 -1.39219742e+01 9.86695530e-01 1.08245296e-01 -1.21304930e-01 -1.01970730e+02
-1.03580711e-01 1.55402978e-01 -9.82405696e-01 3.68792829e+02 -8.88203348e-02 9.82327139e-01 1.64755393e-01 -1.43360887e+01 9.90647255e-01 1.04323084e-01 -8.79471994e-02 -1.01541958e+02
-7.20294945e-02 1.59114203e-01 -9.84629079e-01 3.71161734e+02 -8.89457803e-02 9.82235376e-01 1.65234119e-01 -1.47193958e+01 9.93428608e-01 9.94803318e-02 -5.65973807e-02 -1.01136931e+02
-3.69458239e-02 1.66154022e-01 -9.85407452e-01 3.73561745e+02 -8.98216421e-02 9.81537209e-01 1.68869121e-01 -1.50771211e+01 9.95272364e-01 9.47499243e-02 -2.13394737e-02 -1.01021343e+02
-3.69132533e-03 1.65377973e-01 -9.86223352e-01 3.75948801e+02 -8.75367278e-02 9.82390732e-01 1.65062928e-01 -1.55145568e+01 9.96154454e-01 8.69400661e-02 1.08503228e-02 -1.00909297e+02
2.46291264e-02 1.70345888e-01 -9.85076487e-01 3.78330615e+02 -8.99139843e-02 9.81759197e-01 1.67524189e-01 -1.58769030e+01 9.95644958e-01 8.44461773e-02 3.94963488e-02 -1.00648734e+02
5.66228110e-02 1.74019622e-01 -9.83112928e-01 3.80722866e+02 -9.15141073e-02 9.81452055e-01 1.68454839e-01 -1.62308770e+01 9.94192650e-01 8.04303154e-02 7.14978246e-02 -1.00679104e+02
9.03839531e-02 1.78318998e-01 -9.79812776e-01 3.83090079e+02 -9.16958546e-02 9.81150619e-01 1.70103887e-01 -1.66006539e+01 9.91676667e-01 7.44701081e-02 1.05031384e-01 -1.00965420e+02
1.24619015e-01 1.82980972e-01 -9.75186169e-01 3.85418173e+02 -9.02257900e-02 9.80865586e-01 1.72516690e-01 -1.70985925e+01 9.88093825e-01 6.64880826e-02 1.38744106e-01 -1.01329912e+02
1.55193933e-01 1.87101771e-01 -9.70004005e-01 3.87773392e+02 -9.19833036e-02 9.80371856e-01 1.74384909e-01 -1.75217704e+01 9.83592352e-01 6.21606931e-02 1.69358003e-01 -1.01630386e+02
1.85261445e-01 1.92580671e-01 -9.63634206e-01 3.90118417e+02 -9.37371262e-02 9.79601018e-01 1.77750380e-01 -1.79064391e+01 9.78208336e-01 5.73980089e-02 1.99534258e-01 -1.02032302e+02
2.14051094e-01 1.95794774e-01 -9.56998712e-01 3.92455182e+02 -9.35374841e-02 9.79312289e-01 1.79438515e-01 -1.83093023e+01 9.72333723e-01 5.11062414e-02 2.27937018e-01 -1.02490196e+02
2.42880931e-01 2.00931374e-01 -9.49018143e-01 3.94768453e+02 -9.40037414e-02 9.78583492e-01 1.83132862e-01 -1.87503880e+01 9.65490627e-01 4.47317760e-02 2.56567570e-01 -1.03022443e+02
2.71635221e-01 2.05199753e-01 -9.40269838e-01 3.97060001e+02 -9.42369899e-02 9.77981040e-01 1.86205464e-01 -1.92260344e+01 9.57775389e-01 3.80282367e-02 2.84991503e-01 -1.03630078e+02
2.99037521e-01 2.10348206e-01 -9.30768603e-01 3.99354438e+02 -9.62080988e-02 9.77077518e-01 1.89903990e-01 -1.96834334e+01 9.49379041e-01 3.27590593e-02 3.12420040e-01 -1.04245887e+02
3.27328013e-01 2.13144491e-01 -9.20557330e-01 4.01631727e+02 -9.80536604e-02 9.76629112e-01 1.91261749e-01 -2.00411060e+01 9.39809476e-01 2.76586876e-02 3.40577664e-01 -1.04992799e+02
